4 0 
3 4 
5 4 
13 5 
6 9 
11 9 
9 10 
11 10 
3 12 
0 14 
11 14 
-1 -1
1 0 
2 0 
2 1 
10 1 
4 3 
5 3 
0 4 
1 5 
4 5 
7 6 
8 6 
6 9 
11 9 
9 10 
11 10 
3 12 
12 13 
14 13 
1 14 
-1 -2
1 0 
2 0 
4 2 
5 3 
4 5 
8 7 
1 8 
11 8 
12 10 
3 12 
4 12 
14 12 
7 14 
11 14 
-2 -1
2 0 
0 1 
2 1 
5 2 
3 5 
4 5 
8 6 
6 7 
8 7 
9 10 
11 10 
10 12 
12 13 
14 13 
-2 -2
3 0 
0 1 
0 2 
1 2 
1 4 
3 5 
4 5 
7 6 
8 6 
8 7 
3 9 
8 9 
2 10 
9 10 
9 11 
10 11 
10 12 
13 12 
12 14 
13 14 
-2 -3
5 0 
0 1 
2 1 
0 2 
5 3 
9 3 
3 4 
5 4 
5 6 
12 6 
6 7 
6 8 
5 9 
10 9 
1 10 
9 11 
10 11 
11 12 
12 13 
14 13 
12 14 
-2 -4
2 1 
8 1 
0 2 
8 2 
4 3 
0 4 
7 4 
10 5 
0 6 
1 7 
10 9 
11 9 
8 10 
1 12 
5 13 
9 14 
-3 -1
2 0 
8 0 
0 1 
2 1 
4 3 
5 3 
0 4 
7 4 
0 6 
12 6 
3 10 
9 11 
10 11 
13 12 
14 12 
9 14 
13 14 
-3 -2
2 0 
8 0 
0 1 
2 1 
4 3 
5 3 
4 5 
11 5 
0 6 
12 6 
6 7 
8 7 
10 8 
10 9 
11 9 
3 10 
13 12 
14 12 
4 14 
-3 -3
1 0 
2 0 
2 1 
10 1 
4 3 
5 3 
5 4 
11 4 
0 6 
12 6 
6 7 
8 7 
0 8 
10 9 
11 9 
3 10 
8 13 
12 13 
12 14 
13 14 
-3 -4
6 0 
12 0 
2 1 
0 2 
4 3 
5 3 
5 4 
9 4 
7 6 
8 7 
3 10 
9 10 
12 10 
9 11 
10 11 
13 12 
14 12 
6 13 
8 13 
8 14 
13 14 
-3 -5
7 0 
10 3 
0 4 
3 4 
6 7 
8 7 
10 9 
14 12 
-4 -1
0 2 
1 2 
4 3 
5 3 
1 4 
12 4 
0 5 
4 5 
0 6 
12 6 
6 7 
8 7 
12 8 
2 9 
9 10 
9 11 
10 11 
13 12 
14 12 
1 13 
10 13 
-4 -2
0 1 
12 1 
0 2 
1 2 
4 3 
5 3 
5 4 
1 5 
12 5 
12 6 
6 7 
8 7 
0 8 
5 8 
14 8 
10 9 
2 10 
7 10 
9 11 
10 11 
12 13 
14 13 
12 14 
-4 -3
1 0 
5 1 
12 1 
0 2 
1 2 
5 3 
3 4 
5 4 
13 5 
7 6 
8 6 
5 7 
8 7 
0 8 
5 8 
10 9 
11 9 
2 10 
7 10 
10 11 
12 13 
12 14 
13 14 
-4 -4
1 0 
5 1 
12 1 
1 2 
5 3 
5 4 
7 6 
8 7 
13 8 
10 9 
1 10 
7 10 
10 11 
5 12 
12 13 
12 14 
-4 -5
12 0 
14 0 
7 1 
14 4 
8 6 
10 6 
0 7 
10 7 
10 9 
11 9 
0 11 
9 13 
-5 -1
7 1 
0 2 
9 4 
14 4 
3 5 
4 5 
1 6 
8 6 
10 6 
0 7 
10 7 
7 8 
10 9 
11 9 
6 11 
13 11 
1 12 
12 13 
14 13 
0 14 
12 14 
-5 -2
13 0 
12 1 
0 2 
1 2 
2 3 
11 3 
3 4 
5 4 
1 6 
6 7 
14 7 
6 8 
7 8 
0 9 
3 9 
9 10 
11 10 
13 11 
13 12 
14 12 
-5 -3
6 0 
13 0 
12 1 
0 2 
1 2 
2 3 
11 3 
3 4 
3 5 
4 5 
1 6 
6 7 
8 7 
6 8 
11 9 
9 10 
11 10 
13 12 
14 12 
14 13 
-5 -4
5 4 
6 8 
7 8 
10 9 
11 10 
8 11 
-6 -1
12 1 
0 2 
1 2 
3 4 
5 4 
7 5 
6 7 
8 7 
10 9 
11 10 
8 11 
12 13 
14 13 
-6 -2
6 0 
0 1 
1 2 
14 2 
9 3 
11 6 
8 7 
6 8 
11 9 
0 12 
12 14 
-7 -1
12 0 
0 1 
0 2 
1 2 
5 3 
3 4 
5 4 
7 6 
8 6 
7 8 
11 8 
10 9 
11 9 
12 13 
1 14 
2 14 
-7 -2
8 0 
11 0 
8 1 
13 1 
9 2 
5 3 
7 4 
9 5 
10 8 
11 9 
11 10 
13 10 
7 11 
13 11 
4 12 
9 14 
-8 -1
8 0 
11 0 
0 1 
2 1 
4 3 
5 3 
7 4 
9 5 
6 8 
7 8 
8 9 
9 10 
11 10 
3 11 
9 11 
14 12 
9 13 
4 14 
-8 -2
0 1 
2 1 
4 3 
5 3 
14 4 
9 5 
1 6 
11 6 
1 7 
6 8 
7 8 
1 9 
5 10 
9 11 
10 11 
3 12 
14 12 
12 13 
14 13 
0 14 
10 14 
-8 -3
2 0 
12 0 
0 1 
2 1 
2 3 
5 3 
3 4 
5 4 
1 6 
6 7 
8 7 
6 8 
10 8 
1 9 
3 9 
9 10 
11 10 
6 11 
4 12 
12 13 
14 13 
7 14 
12 14 
-8 -4
6 0 
0 1 
8 1 
0 2 
1 2 
2 3 
11 3 
3 4 
3 5 
8 6 
6 7 
8 7 
1 9 
3 9 
9 10 
11 10 
6 11 
4 12 
12 13 
14 13 
7 14 
12 14 
-8 -5
6 0 
2 1 
0 2 
5 3 
5 4 
14 4 
7 5 
7 6 
8 7 
14 8 
5 9 
11 9 
9 10 
11 10 
8 11 
13 12 
13 14 
-8 -6
4 3 
9 3 
3 5 
6 7 
6 8 
9 10 
9 11 
13 12 
14 13 
-8 -7
9 0 
10 5 
7 6 
8 6 
8 10 
12 13 
8 14 
-9 -1
4 0 
0 2 
1 2 
3 4 
5 4 
7 6 
8 6 
10 7 
13 8 
0 9 
8 10 
13 12 
14 12 
14 13 
4 14 
11 14 
-9 -2
4 0 
0 2 
1 2 
4 3 
5 3 
14 4 
4 5 
7 5 
7 6 
8 6 
8 7 
13 8 
0 9 
8 10 
9 11 
10 11 
13 12 
14 12 
14 13 
-9 -3
9 0 
0 1 
2 1 
0 2 
2 3 
4 3 
13 4 
3 5 
4 5 
14 6 
6 7 
8 7 
6 8 
10 9 
8 10 
9 11 
10 11 
14 12 
12 13 
14 13 
-9 -4
9 0 
0 1 
2 1 
0 2 
2 3 
9 3 
3 4 
3 5 
4 5 
8 6 
6 7 
9 8 
11 10 
9 11 
13 12 
4 13 
12 14 
13 14 
-9 -5
1 0 
9 1 
0 2 
0 3 
12 3 
3 4 
3 5 
9 6 
6 7 
6 8 
9 10 
9 11 
12 13 
12 14 
-9 -6
9 0 
3 5 
4 5 
1 9 
12 9 
14 9 
9 11 
10 11 
12 14 
13 14 
-10 -1
0 1 
2 1 
4 3 
5 3 
7 5 
8 5 
11 6 
6 7 
8 7 
10 8 
1 9 
12 9 
14 9 
9 10 
11 10 
13 11 
1 12 
12 14 
13 14 
-10 -2
1 0 
2 0 
9 1 
12 1 
1 2 
3 2 
4 3 
5 3 
6 4 
4 5 
12 5 
10 6 
6 7 
8 7 
5 8 
14 9 
14 10 
9 11 
10 11 
12 14 
13 14 
-10 -3
1 0 
9 1 
12 1 
1 2 
4 3 
5 3 
4 6 
8 6 
6 7 
8 7 
1 8 
3 9 
14 10 
9 11 
10 11 
3 12 
12 13 
14 13 
9 14 
12 14 
-10 -4
13 2 
12 3 
7 5 
6 7 
8 7 
10 9 
11 9 
2 11 
13 12 
14 12 
0 13 
6 13 
6 14 
7 14 
-11 -1
0 2 
1 2 
2 3 
3 4 
5 4 
7 5 
0 6 
13 6 
6 7 
8 7 
10 9 
11 9 
11 10 
2 11 
4 11 
2 12 
12 13 
14 13 
2 14 
-11 -2
1 0 
11 0 
0 2 
1 2 
4 3 
5 3 
11 4 
7 5 
0 6 
13 6 
0 7 
6 8 
7 8 
1 10 
9 10 
9 11 
10 11 
13 12 
14 12 
2 13 
13 14 
-11 -3
2 0 
13 0 
0 1 
2 1 
10 2 
14 2 
4 3 
5 3 
5 4 
13 5 
0 6 
13 6 
0 7 
6 8 
7 8 
10 9 
11 9 
11 10 
4 11 
13 12 
14 13 
-11 -4
6 0 
13 0 
0 1 
3 1 
0 2 
1 2 
4 3 
5 3 
5 4 
13 5 
7 6 
8 6 
8 9 
9 10 
9 11 
13 12 
6 13 
13 14 
-11 -5
2 0 
0 1 
5 2 
3 4 
3 5 
0 6 
12 6 
6 7 
6 8 
6 9 
9 10 
9 11 
14 12 
12 13 
-11 -6
0 1 
0 2 
2 3 
3 4 
3 5 
0 6 
12 6 
6 7 
6 8 
0 12 
12 13 
12 14 
-11 -7
8 1 
0 2 
1 2 
6 5 
14 5 
13 6 
6 10 
2 11 
13 12 
14 12 
-12 -1
3 0 
0 1 
2 1 
0 2 
4 3 
5 3 
10 4 
6 5 
14 5 
10 6 
6 7 
8 7 
9 8 
10 9 
11 9 
2 11 
4 13 
6 13 
12 14 
13 14 
-12 -2
1 0 
2 0 
2 1 
7 2 
11 2 
10 3 
3 4 
5 4 
6 5 
14 5 
10 6 
6 7 
6 8 
7 8 
9 10 
11 10 
6 13 
12 14 
13 14 
-12 -3
2 0 
2 1 
7 2 
4 3 
5 3 
5 4 
6 4 
8 5 
14 5 
10 6 
13 6 
6 7 
8 7 
6 8 
9 10 
11 10 
9 11 
14 11 
14 12 
12 13 
14 13 
-12 -4
1 0 
2 1 
9 1 
11 2 
12 2 
4 3 
5 3 
7 6 
4 7 
8 7 
2 8 
3 9 
14 10 
8 13 
12 13 
13 14 
-13 -1
1 0 
2 0 
9 1 
11 2 
12 2 
8 3 
11 3 
3 4 
10 4 
3 5 
4 5 
6 7 
8 7 
2 8 
6 8 
10 9 
11 9 
14 10 
14 13 
6 14 
12 14 
-13 -2
1 0 
2 0 
9 1 
8 2 
8 3 
11 3 
3 5 
4 5 
8 6 
6 7 
8 7 
10 9 
11 9 
3 10 
4 10 
14 12 
12 13 
14 13 
6 14 
10 14 
-13 -3
0 1 
4 1 
0 2 
1 2 
0 3 
2 3 
3 5 
4 5 
7 6 
8 7 
2 8 
10 9 
11 9 
1 10 
11 10 
3 11 
8 11 
13 12 
6 13 
12 14 
13 14 
-13 -4
2 0 
5 0 
0 1 
2 1 
8 2 
5 3 
5 4 
7 6 
8 7 
13 8 
10 9 
11 9 
8 10 
2 11 
10 11 
13 12 
13 14 
-13 -5
0 2 
7 3 
13 3 
0 5 
11 8 
2 10 
7 10 
13 10 
9 11 
12 11 
5 12 
12 14 
13 14 
-14 -1
0 2 
1 2 
4 3 
5 3 
2 6 
10 9 
2 10 
7 10 
13 10 
9 11 
12 11 
5 12 
9 12 
3 13 
7 13 
12 14 
13 14 
-14 -2
1 0 
2 0 
10 2 
4 3 
5 3 
14 4 
10 5 
12 5 
6 7 
12 7 
6 8 
7 8 
10 9 
11 9 
8 10 
12 11 
12 13 
14 13 
9 14 
12 14 
-14 -3
1 0 
2 0 
2 1 
10 2 
4 3 
5 3 
5 4 
6 4 
10 5 
12 5 
7 6 
12 6 
6 8 
7 8 
10 9 
11 9 
8 10 
12 11 
12 13 
14 13 
9 14 
12 14 
-14 -4
7 0 
0 1 
2 1 
0 2 
4 3 
5 3 
6 4 
4 5 
8 5 
6 7 
12 7 
6 8 
7 8 
10 9 
5 10 
12 10 
9 11 
12 13 
14 13 
9 14 
12 14 
-14 -5
1 0 
2 1 
7 2 
6 3 
8 3 
3 4 
3 5 
6 7 
8 7 
6 8 
12 8 
11 9 
9 10 
5 11 
12 11 
12 13 
14 13 
9 14 
12 14 
-14 -6
2 1 
6 1 
9 10 
11 10 
1 12 
10 13 
-15 -1
0 1 
12 1 
1 2 
3 4 
1 6 
6 7 
8 7 
13 7 
2 8 
13 8 
5 10 
9 10 
9 11 
10 11 
0 13 
12 13 
12 14 
13 14 
-15 -2
1 0 
2 0 
2 1 
8 2 
13 2 
3 4 
5 4 
3 5 
14 5 
2 6 
6 7 
8 7 
1 10 
9 10 
9 11 
10 11 
13 12 
14 12 
14 13 
-15 -3
1 0 
3 1 
1 2 
12 3 
3 4 
5 4 
3 5 
14 5 
2 6 
6 7 
8 7 
2 8 
13 8 
0 9 
10 9 
9 11 
10 11 
14 12 
14 13 
-15 -4
1 0 
2 1 
3 2 
4 3 
5 3 
7 6 
8 7 
2 8 
7 9 
9 10 
11 10 
9 11 
14 12 
14 13 
4 14 
5 14 
-15 -5
1 0 
2 1 
4 3 
0 4 
4 5 
12 5 
4 6 
6 7 
6 8 
9 10 
9 11 
12 13 
12 14 
-15 -6
9 0 
14 0 
14 1 
5 2 
10 2 
12 4 
1 5 
3 6 
9 6 
11 6 
3 7 
5 10 
11 10 
6 12 
4 14 
-16 -1
9 0 
5 2 
10 2 
7 3 
3 4 
5 4 
1 5 
8 5 
12 6 
5 7 
10 9 
11 9 
4 10 
2 11 
4 12 
12 13 
14 13 
1 14 
3 14 
-16 -2
1 0 
2 0 
14 1 
5 2 
10 2 
14 3 
3 4 
5 4 
7 5 
7 6 
8 6 
3 7 
1 8 
5 8 
0 9 
4 10 
9 11 
10 11 
6 12 
12 13 
14 13 
-16 -3
0 1 
2 1 
0 2 
7 2 
14 3 
3 4 
5 4 
7 5 
10 5 
0 6 
12 6 
3 7 
6 8 
7 8 
10 9 
11 9 
3 10 
11 10 
14 12 
12 13 
14 13 
-16 -4
1 0 
2 0 
2 1 
5 1 
14 2 
3 4 
5 4 
3 5 
2 6 
3 7 
5 7 
6 8 
7 8 
0 9 
10 9 
4 10 
9 11 
10 11 
13 12 
14 12 
14 13 
3 14 
-16 -5
5 0 
0 2 
1 2 
3 5 
4 5 
11 7 
13 7 
6 8 
7 8 
2 11 
9 11 
10 11 
12 13 
14 13 
-17 -1
0 2 
1 2 
3 4 
5 4 
0 5 
3 5 
0 6 
6 8 
7 8 
0 9 
9 11 
10 11 
12 13 
12 14 
13 14 
-17 -2
1 0 
10 1 
0 2 
1 2 
5 3 
3 4 
5 4 
2 5 
0 6 
6 7 
14 7 
6 8 
7 8 
0 9 
9 11 
10 11 
13 12 
14 12 
5 13 
11 13 
3 14 
13 14 
-17 -3
3 1 
0 2 
5 2 
10 2 
4 3 
9 3 
3 5 
4 5 
7 6 
8 6 
10 9 
11 9 
0 11 
9 12 
-18 -1
11 0 
0 2 
1 2 
2 3 
3 4 
9 4 
3 5 
4 5 
7 6 
0 7 
6 8 
7 8 
1 9 
10 9 
9 11 
10 11 
9 12 
12 13 
14 13 
6 14 
10 14 
12 14 
-18 -2
1 0 
9 1 
10 1 
0 2 
1 2 
4 3 
9 3 
3 5 
4 5 
7 6 
0 7 
6 8 
7 8 
4 9 
10 9 
9 11 
10 11 
1 12 
5 12 
9 13 
12 13 
12 14 
13 14 
-18 -3
2 1 
4 3 
5 3 
7 6 
4 7 
13 7 
6 10 
12 13 
14 13 
5 14 
-19 -1
3 0 
8 0 
0 1 
2 1 
4 3 
5 3 
7 5 
10 6 
6 7 
9 7 
6 8 
7 8 
2 10 
9 10 
9 11 
10 11 
13 12 
14 12 
4 13 
7 13 
5 14 
-19 -2
1 0 
7 1 
0 2 
1 2 
4 3 
5 3 
5 4 
10 4 
14 5 
7 6 
10 6 
6 8 
7 8 
7 9 
2 10 
9 10 
9 11 
10 11 
0 12 
7 13 
12 14 
13 14 
-19 -3
1 0 
7 1 
0 2 
1 2 
5 3 
3 4 
5 4 
12 5 
14 5 
7 6 
11 6 
13 7 
6 8 
1 9 
10 9 
0 10 
2 10 
9 11 
10 11 
2 12 
12 14 
13 14 
-19 -4
11 1 
14 2 
14 6 
1 7 
7 8 
13 8 
8 10 
0 11 
2 11 
-20 -1
11 1 
8 2 
14 2 
3 4 
5 4 
7 6 
8 6 
7 8 
13 8 
11 9 
9 10 
11 10 
0 11 
2 11 
12 13 
14 13 
-20 -2
1 0 
2 0 
2 1 
11 1 
8 2 
14 2 
4 3 
5 3 
1 5 
7 6 
8 6 
4 7 
12 7 
12 8 
10 9 
11 9 
8 10 
11 10 
13 11 
7 13 
8 13 
12 14 
13 14 
-20 -3
0 1 
12 1 
0 2 
1 2 
4 3 
5 3 
1 5 
4 5 
7 6 
8 6 
8 7 
13 7 
2 8 
13 8 
3 9 
11 9 
9 10 
11 10 
1 11 
12 11 
4 13 
10 13 
12 14 
13 14 
-20 -4
1 0 
2 0 
2 1 
8 2 
13 2 
4 3 
13 4 
3 5 
4 5 
7 6 
8 6 
1 7 
8 7 
10 9 
11 9 
4 10 
13 10 
0 11 
10 11 
4 12 
12 14 
13 14 
-20 -5
11 0 
2 1 
0 2 
4 3 
13 4 
4 5 
7 6 
8 6 
2 7 
8 7 
2 8 
13 8 
10 9 
4 10 
10 11 
12 13 
14 13 
-20 -6
1 0 
0 2 
3 4 
3 5 
1 6 
6 7 
6 8 
10 9 
11 10 
1 13 
6 13 
13 14 
-20 -7
13 0 
2 1 
9 1 
1 5 
3 5 
4 5 
5 6 
8 6 
6 7 
13 12 
14 12 
-21 -1
5 0 
10 0 
0 2 
1 2 
3 5 
4 5 
6 7 
8 7 
1 8 
6 8 
11 9 
12 11 
13 12 
14 12 
0 13 
2 14 
-21 -2
13 0 
0 2 
1 2 
0 3 
3 5 
4 5 
7 6 
8 6 
13 7 
2 8 
7 8 
5 9 
14 9 
9 10 
11 10 
1 11 
9 11 
13 12 
14 12 
0 14 
-21 -3
1 0 
2 0 
4 3 
4 5 
7 6 
7 11 
10 11 
12 13 
14 13 
6 14 
-22 -1
1 0 
2 0 
3 4 
5 4 
3 5 
14 6 
6 7 
8 7 
10 9 
11 10 
6 11 
13 12 
14 12 
2 13 
3 13 
13 14 
-22 -2
13 3 
13 5 
7 6 
7 8 
9 10 
5 11 
12 13 
14 13 
1 14 
4 14 
-23 -1
1 0 
2 0 
4 1 
14 1 
13 2 
4 3 
5 3 
5 4 
13 5 
7 6 
0 7 
12 7 
6 8 
7 8 
14 9 
9 10 
11 10 
5 11 
9 11 
12 13 
14 13 
-23 -2
8 0 
12 0 
0 1 
2 1 
3 2 
13 2 
5 3 
3 4 
5 4 
13 5 
7 6 
8 6 
8 7 
2 8 
9 8 
11 9 
12 9 
9 10 
11 10 
5 11 
12 13 
14 13 
-23 -3
8 0 
12 0 
0 1 
2 1 
0 2 
2 3 
13 3 
3 4 
5 4 
3 5 
11 5 
7 6 
8 6 
8 7 
9 8 
9 10 
9 11 
10 11 
9 12 
12 13 
11 14 
13 14 
-23 -4
3 0 
3 1 
12 1 
6 2 
10 5 
3 9 
7 9 
2 12 
3 12 
9 13 
12 14 
-24 -1
0 1 
2 1 
6 2 
2 3 
12 3 
3 5 
4 5 
7 6 
8 6 
7 8 
11 8 
2 9 
9 10 
11 10 
13 12 
14 12 
9 13 
9 14 
-24 -2
4 0 
0 1 
2 1 
12 2 
0 3 
9 3 
3 5 
4 5 
2 6 
6 7 
8 7 
6 8 
4 9 
13 9 
9 10 
11 10 
8 11 
13 12 
14 12 
9 14 
-24 -3
3 0 
9 0 
0 1 
2 1 
6 2 
3 4 
5 4 
0 5 
3 5 
8 6 
6 7 
8 7 
11 8 
2 9 
11 9 
9 10 
11 10 
13 12 
14 12 
0 13 
9 13 
4 14 
9 14 
-24 -4
2 0 
0 1 
2 1 
9 2 
2 3 
14 3 
3 4 
5 4 
1 5 
12 5 
8 6 
8 7 
10 8 
10 9 
10 11 
13 12 
0 13 
9 13 
12 14 
-24 -5
3 5 
4 5 
6 7 
7 9 
5 10 
10 11 
12 13 
14 13 
-25 -1
10 0 
0 1 
2 1 
12 2 
0 3 
10 3 
12 3 
3 4 
5 4 
3 5 
12 6 
6 7 
6 8 
7 8 
7 9 
10 9 
7 10 
13 10 
10 11 
12 13 
14 13 
-25 -2
10 0 
0 1 
2 1 
12 2 
4 3 
3 5 
4 5 
7 6 
13 6 
9 7 
12 7 
6 8 
7 8 
10 9 
3 10 
10 11 
3 12 
12 13 
14 13 
-25 -3
10 0 
0 1 
2 1 
0 2 
12 2 
13 3 
3 4 
3 5 
7 6 
8 7 
10 8 
10 9 
3 10 
10 11 
13 12 
12 14 
13 14 
-25 -4
0 2 
1 2 
2 4 
11 6 
6 8 
7 8 
4 10 
9 11 
10 11 
13 12 
14 12 
-26 -1
0 2 
1 2 
12 3 
8 4 
3 5 
4 5 
7 6 
11 6 
6 8 
7 8 
10 9 
11 9 
3 10 
4 10 
13 11 
13 12 
14 12 
-26 -2
2 0 
0 1 
2 1 
5 2 
12 3 
3 4 
5 4 
3 5 
11 5 
11 6 
6 7 
8 7 
6 8 
11 9 
9 10 
11 10 
13 11 
13 12 
12 14 
13 14 
-26 -3
2 0 
2 1 
5 3 
11 3 
3 4 
5 4 
1 5 
11 6 
6 7 
8 7 
6 8 
10 9 
11 9 
11 10 
3 12 
8 12 
12 13 
14 13 
12 14 
-26 -4
1 0 
2 1 
12 3 
3 4 
5 4 
3 5 
11 5 
8 6 
7 8 
11 9 
3 11 
10 11 
14 13 
12 14 
-26 -5
11 2 
11 3 
0 4 
5 4 
3 5 
0 6 
6 7 
6 8 
8 9 
0 10 
13 10 
9 11 
10 11 
-27 -1
1 0 
2 0 
0 3 
0 4 
5 4 
3 5 
7 6 
5 7 
6 8 
8 9 
3 10 
9 10 
9 11 
10 11 
13 12 
14 12 
14 13 
-27 -2
3 0 
0 2 
1 2 
4 3 
5 3 
5 4 
7 5 
7 6 
8 6 
8 7 
8 9 
3 10 
9 10 
9 11 
10 11 
13 12 
14 12 
3 13 
6 13 
13 14 
-27 -3
0 1 
6 1 
5 3 
2 5 
4 5 
5 6 
6 8 
7 8 
8 9 
9 10 
11 10 
2 11 
0 14 
3 14 
-28 -1
14 0 
0 1 
2 1 
6 2 
5 3 
14 3 
3 4 
0 6 
2 7 
3 7 
6 8 
7 8 
11 9 
9 10 
11 10 
2 11 
13 12 
14 12 
1 13 
7 13 
-28 -2
2 0 
14 0 
0 1 
2 1 
5 3 
14 3 
3 4 
5 4 
2 6 
6 7 
6 8 
7 8 
8 9 
12 9 
9 10 
11 10 
2 11 
9 11 
13 12 
14 12 
1 13 
7 13 
-28 -3
2 0 
14 0 
0 1 
2 1 
11 2 
14 3 
3 4 
3 5 
2 6 
6 7 
7 8 
11 9 
9 10 
11 10 
8 12 
9 12 
12 13 
14 13 
12 14 
-28 -4
0 1 
2 1 
11 1 
5 3 
0 5 
12 5 
4 6 
12 6 
0 7 
6 7 
7 8 
10 8 
13 8 
10 13 
12 13 
14 13 
-29 -1
6 0 
7 0 
0 1 
2 1 
11 2 
4 3 
5 3 
6 4 
4 5 
12 5 
7 6 
8 6 
8 7 
10 7 
10 9 
11 9 
4 11 
2 12 
6 12 
10 13 
12 13 
12 14 
13 14 
-29 -2
0 1 
2 1 
11 2 
5 3 
13 3 
3 4 
5 4 
7 5 
10 5 
0 7 
6 7 
6 8 
7 8 
10 9 
11 9 
0 10 
7 10 
4 11 
10 11 
0 12 
5 12 
12 13 
12 14 
13 14 
-29 -3
9 0 
0 1 
2 1 
0 2 
11 2 
4 3 
5 3 
5 4 
6 5 
9 5 
7 6 
2 7 
10 7 
6 8 
7 8 
9 10 
10 11 
0 12 
5 12 
4 13 
12 13 
12 14 
13 14 
-29 -4
2 1 
4 3 
5 3 
12 4 
14 6 
13 8 
0 9 
13 12 
13 14 
-30 -1
1 0 
0 2 
1 2 
3 4 
5 4 
12 6 
6 7 
13 7 
6 8 
7 8 
7 11 
1 13 
12 13 
12 14 
13 14 
-30 -2
1 0 
2 0 
4 1 
1 2 
5 3 
10 3 
3 4 
5 4 
12 6 
6 7 
13 7 
6 8 
7 8 
9 11 
10 11 
1 12 
14 12 
12 13 
14 13 
-30 -3
1 0 
2 0 
2 1 
3 1 
3 4 
5 4 
3 5 
10 5 
13 6 
6 7 
6 8 
7 8 
9 10 
11 10 
3 11 
9 11 
13 12 
1 13 
13 14 
-30 -4
13 0 
0 1 
0 2 
4 3 
5 3 
5 4 
14 5 
7 6 
13 7 
6 8 
11 9 
11 10 
5 11 
13 12 
14 13 
-30 -5
12 0 
0 1 
0 2 
10 3 
12 3 
3 4 
3 5 
7 6 
8 7 
9 10 
10 11 
12 13 
12 14 
-30 -6
