1 0 
2 0 
3 5 
4 5 
6 7 
8 7 
6 8 
10 9 
11 9 
13 12 
14 12 
13 14 
-1 -1
1 0 
2 0 
2 1 
5 3 
3 4 
5 4 
7 6 
8 6 
8 7 
4 9 
9 10 
9 11 
10 11 
13 12 
14 12 
14 13 
6 14 
-1 -2
0 1 
2 1 
10 3 
3 4 
5 4 
7 6 
8 6 
9 7 
3 8 
10 9 
11 9 
13 12 
14 12 
-2 -1
2 0 
0 1 
2 1 
10 3 
3 4 
5 4 
2 5 
3 5 
6 7 
8 7 
7 9 
9 10 
9 11 
10 11 
13 12 
14 12 
9 13 
13 14 
-2 -2
10 0 
0 1 
2 1 
0 2 
10 3 
3 4 
3 5 
4 5 
8 6 
6 7 
8 7 
1 8 
10 9 
11 9 
11 10 
13 12 
12 14 
13 14 
-2 -3
7 0 
10 0 
0 1 
7 1 
0 2 
1 2 
6 3 
10 3 
3 4 
5 4 
3 5 
6 7 
8 7 
6 8 
13 8 
8 10 
9 10 
9 11 
10 11 
7 12 
13 12 
12 14 
13 14 
-2 -4
0 2 
1 2 
3 4 
5 4 
7 6 
8 6 
10 9 
11 9 
12 11 
12 13 
14 13 
-3 -1
0 2 
1 2 
4 3 
5 3 
5 4 
9 5 
7 6 
8 6 
8 7 
0 8 
9 8 
11 9 
9 10 
11 10 
12 11 
12 13 
12 14 
13 14 
-3 -2
0 1 
2 1 
12 3 
3 4 
5 4 
9 8 
9 10 
11 10 
12 14 
-4 -1
1 0 
2 0 
2 1 
4 3 
5 3 
11 4 
4 5 
7 6 
8 6 
9 8 
10 9 
11 9 
2 13 
12 13 
12 14 
13 14 
-4 -2
1 0 
2 0 
2 1 
4 3 
5 3 
5 4 
6 4 
7 6 
8 6 
2 8 
7 8 
8 9 
9 10 
9 11 
10 11 
6 12 
2 13 
12 13 
12 14 
13 14 
-4 -3
1 0 
10 0 
13 0 
12 1 
13 1 
0 2 
1 2 
4 3 
6 3 
14 4 
3 5 
4 5 
8 6 
6 7 
8 7 
9 8 
9 10 
9 11 
10 11 
6 12 
13 12 
12 14 
13 14 
-4 -4
0 1 
2 1 
3 5 
4 5 
7 6 
6 8 
7 8 
10 9 
11 9 
-5 -1
0 1 
2 1 
4 2 
4 3 
5 3 
5 4 
7 6 
8 6 
8 7 
10 9 
11 9 
10 11 
13 11 
5 13 
12 14 
13 14 
-5 -2
0 1 
2 1 
6 7 
8 7 
10 9 
11 9 
1 14 
12 14 
13 14 
-6 -1
0 1 
2 1 
0 2 
12 2 
4 3 
5 3 
13 4 
4 5 
7 6 
8 6 
7 8 
9 10 
11 10 
9 11 
14 12 
12 13 
14 13 
-6 -2
1 0 
2 0 
7 4 
3 5 
4 5 
6 7 
8 7 
11 9 
11 10 
0 13 
12 14 
13 14 
-7 -1
0 1 
2 1 
4 3 
7 4 
3 5 
4 5 
7 6 
8 6 
10 7 
7 8 
10 9 
9 11 
10 11 
13 12 
14 12 
0 13 
13 14 
-7 -2
1 0 
2 0 
1 2 
6 2 
1 4 
3 4 
3 5 
4 5 
7 6 
8 6 
4 7 
7 8 
10 9 
11 9 
11 10 
14 11 
8 12 
0 13 
12 13 
12 14 
13 14 
-7 -3
0 1 
2 1 
0 2 
5 2 
4 3 
5 3 
6 7 
8 7 
9 10 
11 10 
14 11 
7 12 
12 13 
14 13 
-8 -1
0 1 
2 1 
0 2 
5 2 
4 3 
5 3 
5 4 
6 7 
8 7 
1 9 
5 9 
9 10 
11 10 
7 11 
7 12 
12 13 
12 14 
13 14 
-8 -2
1 0 
2 0 
5 1 
9 1 
1 2 
3 4 
5 4 
3 5 
7 6 
5 7 
6 8 
7 8 
10 9 
11 9 
3 10 
11 10 
5 13 
12 13 
12 14 
13 14 
-8 -3
1 0 
2 0 
7 3 
11 3 
11 4 
3 5 
4 5 
8 7 
11 9 
9 10 
11 10 
12 13 
14 13 
-9 -1
1 0 
2 0 
4 3 
5 3 
11 4 
4 5 
6 7 
6 8 
7 8 
10 9 
11 9 
11 10 
9 12 
12 13 
14 13 
-9 -2
2 0 
0 1 
2 1 
4 3 
11 4 
3 5 
4 5 
6 7 
6 8 
7 8 
10 9 
11 9 
11 10 
14 12 
12 13 
14 13 
-9 -3
1 0 
13 3 
3 4 
5 4 
8 5 
6 8 
7 8 
9 11 
10 11 
7 12 
12 14 
13 14 
-10 -1
1 0 
2 0 
2 1 
5 3 
3 4 
5 4 
8 5 
8 6 
6 7 
8 7 
11 8 
10 9 
11 9 
10 11 
13 11 
13 12 
14 12 
13 14 
-10 -2
0 1 
2 1 
0 2 
14 2 
5 3 
3 4 
5 4 
8 5 
7 6 
8 6 
8 7 
0 8 
11 8 
10 9 
11 9 
13 10 
0 11 
10 11 
13 12 
14 12 
1 13 
14 13 
-10 -3
0 1 
8 1 
0 2 
1 2 
3 4 
5 4 
6 8 
7 8 
9 11 
10 11 
13 12 
14 12 
-11 -1
0 1 
8 1 
0 2 
1 2 
3 4 
3 5 
4 5 
8 6 
6 7 
8 7 
10 9 
11 9 
13 11 
1 12 
12 13 
12 14 
13 14 
-11 -2
0 2 
1 2 
4 3 
5 3 
6 8 
7 8 
9 10 
11 10 
9 11 
13 11 
13 12 
14 12 
4 14 
-12 -1
0 2 
1 2 
4 3 
3 5 
4 5 
6 8 
7 8 
9 10 
11 10 
9 11 
13 11 
14 12 
12 13 
14 13 
4 14 
8 14 
-12 -2
1 0 
2 0 
1 2 
13 2 
3 4 
5 4 
3 5 
3 6 
7 6 
2 7 
6 8 
7 8 
11 9 
9 10 
11 10 
6 11 
14 11 
13 12 
14 12 
3 14 
13 14 
-12 -3
1 0 
2 0 
0 3 
3 5 
4 5 
3 6 
6 7 
8 7 
9 11 
10 11 
12 13 
14 13 
-13 -1
2 0 
6 0 
0 1 
2 1 
0 3 
3 4 
5 4 
3 5 
6 7 
8 7 
6 8 
9 11 
10 11 
14 12 
12 13 
14 13 
3 14 
-13 -2
1 0 
2 0 
3 5 
4 5 
7 6 
9 6 
6 8 
7 8 
9 10 
11 10 
13 12 
14 12 
3 13 
4 14 
-14 -1
1 0 
2 0 
3 5 
4 5 
7 6 
9 6 
6 8 
7 8 
9 10 
11 10 
12 11 
13 12 
14 12 
4 14 
-14 -2
2 0 
0 1 
2 1 
12 2 
4 3 
14 4 
3 5 
4 5 
7 6 
8 6 
8 7 
2 8 
12 8 
0 9 
9 10 
9 11 
10 11 
10 13 
12 13 
12 14 
13 14 
-14 -3
0 1 
2 1 
3 4 
5 4 
7 6 
8 6 
1 10 
9 11 
10 11 
-15 -1
1 0 
6 0 
0 2 
1 2 
4 3 
5 3 
5 4 
7 6 
8 6 
8 7 
10 9 
9 11 
10 11 
13 12 
12 14 
13 14 
-15 -2
1 0 
2 0 
3 1 
4 3 
5 3 
6 8 
7 8 
10 9 
11 9 
5 10 
13 12 
14 12 
-16 -1
1 0 
2 0 
3 1 
1 2 
7 2 
3 4 
5 4 
3 5 
7 6 
8 6 
8 7 
10 8 
10 9 
11 9 
5 10 
13 12 
12 14 
13 14 
-16 -2
1 0 
3 1 
0 2 
1 2 
4 3 
5 3 
5 4 
13 4 
7 6 
8 6 
8 7 
0 8 
1 9 
11 9 
9 10 
11 10 
13 11 
13 12 
12 14 
13 14 
-16 -3
0 1 
2 1 
13 3 
3 5 
4 5 
7 6 
8 6 
10 9 
11 9 
6 10 
10 11 
1 13 
-17 -1
6 0 
0 1 
2 1 
0 2 
3 5 
4 5 
8 6 
10 6 
6 7 
8 7 
10 9 
9 11 
10 11 
13 12 
14 12 
2 13 
-17 -2
5 0 
0 1 
2 1 
0 2 
5 3 
3 4 
5 4 
0 6 
3 6 
4 7 
6 7 
6 8 
7 8 
10 9 
11 9 
6 10 
11 10 
8 11 
13 12 
14 12 
2 13 
14 13 
-17 -3
1 0 
2 0 
3 5 
4 5 
8 6 
6 7 
8 7 
0 8 
10 9 
11 9 
13 11 
-18 -1
2 0 
0 1 
2 1 
5 3 
3 4 
5 4 
11 4 
0 5 
6 5 
7 6 
8 6 
2 8 
7 8 
11 9 
9 10 
11 10 
12 11 
13 11 
0 12 
14 12 
12 13 
14 13 
-18 -2
5 0 
6 0 
0 1 
2 1 
0 2 
3 2 
3 4 
13 4 
3 5 
4 5 
7 6 
6 8 
7 8 
10 9 
11 9 
2 10 
10 11 
13 11 
9 12 
13 12 
12 14 
13 14 
-18 -3
1 0 
0 2 
1 2 
3 4 
5 4 
6 7 
8 7 
9 10 
11 10 
4 11 
12 13 
14 13 
-19 -1
1 0 
2 0 
1 2 
14 3 
3 4 
5 4 
3 5 
7 6 
8 6 
3 7 
7 8 
10 9 
11 9 
1 10 
11 10 
12 14 
13 14 
-19 -2
1 0 
2 0 
4 3 
5 3 
5 4 
8 5 
13 10 
9 11 
10 11 
1 12 
12 13 
14 13 
-20 -1
1 0 
2 0 
2 1 
5 3 
3 4 
5 4 
7 6 
8 6 
12 7 
5 8 
13 10 
9 11 
10 11 
12 13 
12 14 
13 14 
-20 -2
0 1 
2 1 
3 5 
4 5 
6 7 
8 7 
10 9 
11 9 
12 13 
14 13 
-21 -1
1 0 
2 0 
7 0 
2 1 
3 5 
4 5 
7 6 
8 6 
8 7 
9 10 
9 11 
10 11 
12 13 
14 13 
12 14 
-21 -2
2 0 
3 5 
4 5 
7 6 
8 6 
9 11 
10 11 
1 12 
14 12 
12 13 
14 13 
-22 -1
13 1 
0 2 
1 2 
4 3 
3 5 
4 5 
7 6 
8 6 
12 7 
7 8 
10 9 
11 9 
11 10 
13 12 
12 14 
13 14 
-22 -2
0 2 
1 2 
7 3 
3 4 
5 4 
3 5 
11 6 
6 7 
6 8 
7 8 
9 11 
10 11 
14 12 
-23 -1
2 0 
0 1 
2 1 
5 3 
3 4 
5 4 
6 7 
8 7 
3 8 
6 8 
10 9 
11 9 
11 10 
13 12 
14 12 
14 13 
-23 -2
1 0 
2 0 
2 1 
14 2 
4 3 
2 4 
12 4 
3 5 
4 5 
7 6 
8 6 
8 7 
6 9 
9 10 
9 11 
10 11 
8 12 
13 12 
12 14 
13 14 
-23 -3
1 2 
4 3 
9 3 
3 5 
4 5 
6 8 
7 8 
9 10 
9 11 
10 11 
5 13 
6 13 
12 14 
13 14 
-24 -1
3 0 
0 1 
2 1 
0 2 
5 3 
3 4 
5 4 
6 5 
13 5 
6 7 
8 7 
6 8 
13 8 
3 9 
9 10 
11 10 
9 11 
14 12 
12 13 
14 13 
-24 -2
5 0 
0 1 
0 2 
1 2 
4 3 
5 3 
5 4 
6 5 
13 5 
6 7 
8 7 
6 8 
12 8 
3 9 
9 10 
9 11 
10 11 
13 12 
12 14 
13 14 
-24 -3
5 0 
0 1 
2 1 
0 2 
5 3 
3 4 
5 4 
4 6 
8 6 
12 6 
6 7 
8 7 
0 8 
3 9 
9 10 
11 10 
9 11 
2 12 
11 12 
7 13 
12 13 
12 14 
13 14 
-24 -4
0 2 
1 2 
3 5 
4 5 
6 8 
7 8 
9 10 
11 10 
12 11 
14 12 
12 13 
14 13 
-25 -1
0 1 
0 2 
1 2 
4 3 
5 3 
5 4 
7 6 
8 6 
8 7 
11 9 
9 10 
11 10 
12 11 
14 12 
5 13 
12 13 
14 13 
-25 -2
1 0 
2 0 
2 1 
5 3 
3 4 
5 4 
2 6 
8 6 
6 7 
8 7 
10 9 
11 9 
11 10 
12 11 
14 12 
12 13 
14 13 
-25 -3
0 1 
2 1 
3 4 
5 4 
11 5 
6 7 
8 7 
10 9 
7 10 
9 11 
10 11 
13 12 
14 12 
-26 -1
1 0 
8 0 
0 2 
1 2 
10 3 
3 4 
3 5 
4 5 
6 7 
8 7 
10 9 
11 9 
7 10 
10 11 
13 12 
14 12 
9 14 
-26 -2
1 0 
2 0 
1 2 
4 3 
3 5 
4 5 
7 6 
8 6 
2 7 
3 7 
7 8 
12 8 
1 9 
9 10 
9 11 
10 11 
13 12 
12 14 
13 14 
-26 -3
2 0 
0 1 
2 1 
3 5 
4 5 
7 6 
8 6 
10 9 
11 9 
13 10 
12 13 
14 13 
-27 -1
1 0 
4 1 
0 2 
1 2 
3 4 
5 4 
7 6 
6 8 
7 8 
9 10 
11 10 
9 11 
3 12 
12 13 
14 13 
12 14 
-27 -2
0 1 
5 1 
0 2 
1 2 
0 4 
3 4 
3 5 
4 5 
1 6 
7 6 
6 8 
7 8 
2 9 
4 10 
9 10 
9 11 
10 11 
9 12 
12 13 
12 14 
13 14 
-27 -3
1 0 
2 0 
4 3 
5 3 
6 7 
8 7 
9 10 
11 10 
13 12 
14 12 
-28 -1
1 0 
2 0 
4 1 
4 3 
5 3 
5 4 
6 7 
8 7 
13 8 
10 9 
11 9 
7 10 
10 11 
13 12 
12 14 
13 14 
-28 -2
1 0 
2 0 
11 2 
3 4 
5 4 
10 5 
7 6 
8 6 
9 11 
10 11 
4 12 
13 12 
12 14 
13 14 
-29 -1
2 0 
0 1 
2 1 
11 2 
5 3 
3 4 
5 4 
8 5 
7 6 
8 6 
8 7 
0 8 
10 9 
11 9 
11 10 
5 12 
12 13 
14 13 
12 14 
-29 -2
2 0 
7 5 
7 6 
8 6 
9 10 
11 10 
13 12 
14 12 
-30 -1
0 2 
1 2 
0 3 
10 3 
12 3 
3 4 
5 4 
3 5 
14 5 
8 6 
6 7 
8 7 
4 8 
10 9 
9 11 
10 11 
13 12 
14 12 
14 13 
-30 -2
