1 0 
2 0 
11 1 
7 5 
5 6 
6 8 
7 8 
9 10 
11 10 
9 11 
12 14 
13 14 
-1 -1
1 0 
2 0 
11 1 
4 3 
5 3 
5 4 
6 5 
7 6 
11 7 
6 8 
7 8 
9 10 
11 10 
9 11 
13 12 
12 14 
13 14 
-1 -2
1 0 
2 0 
14 3 
7 6 
8 6 
7 8 
9 11 
10 11 
12 14 
13 14 
-2 -1
1 0 
2 0 
2 1 
14 3 
3 5 
4 5 
7 6 
8 6 
7 8 
9 10 
9 11 
10 11 
13 12 
12 14 
13 14 
-2 -2
1 0 
2 0 
3 4 
5 4 
5 8 
10 9 
11 9 
12 13 
14 13 
-3 -1
1 0 
2 0 
5 3 
3 4 
5 4 
7 6 
8 6 
5 8 
10 9 
11 9 
12 13 
14 13 
12 14 
-3 -2
1 0 
2 0 
2 1 
9 1 
5 3 
3 4 
5 4 
7 6 
8 6 
8 7 
10 9 
11 9 
3 11 
10 11 
6 12 
12 13 
14 13 
12 14 
-3 -3
1 0 
2 0 
1 2 
6 3 
3 4 
7 6 
6 8 
7 8 
12 14 
13 14 
-4 -1
1 0 
2 0 
12 1 
1 2 
6 3 
3 4 
5 4 
3 5 
7 6 
6 8 
7 8 
10 9 
11 9 
10 11 
4 12 
12 13 
12 14 
13 14 
-4 -2
1 0 
2 0 
1 2 
6 3 
3 4 
5 4 
3 5 
7 6 
6 8 
7 8 
10 9 
11 9 
10 11 
4 12 
12 13 
12 14 
13 14 
-4 -3
1 0 
2 0 
9 1 
6 7 
8 7 
10 9 
11 9 
14 12 
12 13 
14 13 
-5 -1
1 0 
2 0 
9 1 
1 2 
4 3 
5 3 
4 5 
8 6 
6 7 
8 7 
10 9 
11 9 
10 11 
14 12 
12 13 
14 13 
11 14 
-5 -2
0 1 
0 2 
1 2 
4 3 
3 5 
4 5 
8 7 
9 11 
10 11 
13 12 
14 12 
14 13 
-6 -1
0 1 
0 2 
1 2 
4 3 
3 5 
4 5 
8 6 
6 7 
8 7 
10 9 
1 10 
9 11 
10 11 
13 12 
14 12 
14 13 
-6 -2
1 0 
2 0 
1 2 
4 3 
5 3 
2 5 
0 6 
6 7 
8 7 
12 10 
9 11 
10 11 
12 13 
12 14 
-7 -1
1 0 
2 0 
1 2 
4 3 
5 3 
5 4 
2 5 
0 6 
6 7 
8 7 
6 8 
13 8 
10 9 
12 10 
9 11 
10 11 
12 13 
12 14 
13 14 
-7 -2
10 0 
0 1 
2 1 
3 5 
4 5 
6 9 
9 11 
10 11 
13 12 
14 12 
-8 -1
10 0 
0 1 
2 1 
0 2 
4 3 
3 5 
4 5 
6 7 
8 7 
6 8 
6 9 
9 10 
9 11 
10 11 
13 12 
14 12 
14 13 
-8 -2
10 0 
0 1 
2 1 
0 2 
3 2 
0 3 
4 3 
3 5 
4 5 
12 6 
6 7 
8 7 
6 8 
6 9 
9 10 
13 10 
9 11 
10 11 
13 12 
14 12 
14 13 
-8 -3
10 0 
0 1 
2 1 
0 2 
3 2 
0 3 
4 3 
14 3 
13 4 
3 5 
4 5 
12 6 
6 7 
8 7 
6 8 
11 8 
6 9 
9 10 
13 10 
9 11 
10 11 
13 12 
14 12 
14 13 
-8 -4
2 4 
6 8 
7 8 
9 10 
11 10 
12 13 
14 13 
12 14 
-9 -1
1 0 
2 0 
2 1 
14 1 
4 3 
5 3 
2 4 
4 5 
7 6 
14 7 
6 8 
7 8 
11 9 
9 10 
11 10 
12 13 
14 13 
12 14 
-9 -2
1 0 
2 0 
2 1 
4 3 
5 3 
2 4 
4 5 
7 6 
6 8 
7 8 
11 9 
9 10 
11 10 
12 11 
12 13 
14 13 
12 14 
-9 -3
1 0 
2 0 
12 1 
1 2 
3 5 
4 5 
12 7 
11 8 
10 9 
11 9 
11 10 
13 12 
14 12 
13 14 
-10 -1
1 0 
2 0 
12 1 
1 2 
3 4 
3 5 
4 5 
7 6 
8 6 
11 8 
10 9 
11 9 
11 10 
13 12 
14 12 
5 13 
13 14 
-10 -2
1 0 
2 0 
13 1 
1 2 
3 4 
3 5 
4 5 
7 6 
8 6 
8 7 
10 9 
11 9 
11 10 
2 11 
13 12 
14 12 
13 14 
-10 -3
1 0 
2 0 
2 1 
7 6 
8 6 
9 11 
10 11 
13 12 
14 12 
2 13 
-11 -1
1 0 
2 0 
2 1 
4 3 
5 3 
5 4 
7 6 
8 6 
8 7 
10 9 
9 11 
10 11 
13 12 
14 12 
9 14 
-11 -2
1 0 
2 0 
6 3 
4 6 
6 8 
7 8 
10 9 
11 9 
11 10 
4 13 
12 14 
13 14 
-12 -1
1 0 
2 0 
1 2 
4 3 
5 3 
5 4 
9 5 
7 6 
6 8 
7 8 
10 9 
11 9 
11 10 
2 11 
13 12 
12 14 
13 14 
-12 -2
0 2 
1 2 
5 3 
4 5 
6 7 
6 8 
7 8 
5 9 
11 9 
9 10 
11 10 
12 13 
14 13 
-13 -1
1 0 
5 1 
0 2 
1 2 
4 3 
5 3 
4 5 
10 6 
6 7 
6 8 
7 8 
11 9 
9 10 
11 10 
5 11 
14 12 
12 13 
14 13 
-13 -2
0 2 
1 2 
3 5 
4 5 
6 8 
7 8 
11 9 
9 10 
11 10 
11 13 
12 14 
13 14 
-14 -1
1 0 
0 2 
1 2 
3 4 
3 5 
4 5 
7 6 
5 7 
6 8 
7 8 
11 9 
12 9 
9 10 
11 10 
13 12 
11 13 
12 14 
13 14 
-14 -2
1 0 
13 1 
0 2 
1 2 
3 4 
3 5 
4 5 
7 6 
6 8 
7 8 
11 9 
9 10 
11 10 
6 11 
5 12 
13 12 
11 13 
12 14 
13 14 
-14 -3
4 3 
5 3 
7 6 
6 8 
7 8 
8 13 
12 14 
13 14 
-15 -1
0 1 
2 1 
0 2 
4 3 
5 3 
5 4 
7 6 
6 8 
7 8 
11 9 
9 10 
11 10 
13 12 
12 14 
13 14 
-15 -2
0 1 
2 1 
0 2 
4 3 
5 3 
5 4 
7 6 
6 8 
7 8 
2 9 
11 9 
9 10 
11 10 
13 12 
12 14 
13 14 
-15 -3
0 2 
1 2 
4 3 
5 3 
6 8 
7 8 
10 9 
11 9 
13 12 
4 13 
6 13 
12 14 
13 14 
-16 -1
0 1 
0 2 
1 2 
4 3 
5 3 
5 4 
6 7 
6 8 
7 8 
10 9 
11 9 
11 10 
13 12 
4 13 
6 13 
12 14 
13 14 
-16 -2
2 0 
0 1 
2 1 
10 2 
3 4 
5 4 
9 10 
11 10 
-17 -1
2 0 
0 1 
2 1 
3 4 
5 4 
3 5 
6 8 
7 8 
9 10 
11 10 
9 11 
12 14 
13 14 
-17 -2
2 0 
0 1 
2 1 
3 4 
5 4 
3 5 
6 7 
6 8 
7 8 
9 10 
11 10 
9 11 
12 13 
12 14 
13 14 
-17 -3
13 3 
3 5 
4 5 
8 6 
6 7 
8 7 
9 8 
10 9 
11 9 
10 11 
12 13 
14 13 
-18 -1
1 0 
2 0 
5 1 
6 2 
3 4 
3 5 
4 5 
8 6 
9 6 
6 7 
8 7 
9 8 
10 9 
11 9 
10 11 
12 13 
14 13 
12 14 
-18 -2
4 3 
5 3 
4 5 
6 8 
7 8 
5 10 
8 11 
13 12 
14 12 
14 13 
-19 -1
0 1 
2 1 
0 2 
4 3 
5 3 
4 5 
5 7 
6 7 
6 8 
7 8 
10 9 
5 10 
9 11 
10 11 
13 12 
14 12 
14 13 
-19 -2
1 0 
0 2 
1 2 
4 3 
5 3 
5 4 
14 6 
6 8 
7 8 
13 10 
9 11 
10 11 
12 14 
13 14 
-20 -1
1 0 
12 1 
0 2 
1 2 
4 3 
5 3 
13 3 
5 4 
14 6 
6 7 
6 8 
7 8 
10 9 
13 10 
9 11 
10 11 
12 13 
12 14 
13 14 
-20 -2
11 1 
0 2 
1 2 
7 3 
11 5 
6 7 
8 7 
6 8 
10 9 
11 9 
13 12 
14 12 
-21 -1
1 0 
11 1 
0 2 
1 2 
7 3 
3 4 
5 4 
11 5 
6 7 
8 7 
6 8 
10 9 
11 9 
11 10 
3 11 
13 12 
14 12 
14 13 
-21 -2
0 2 
1 2 
3 4 
14 7 
6 8 
7 8 
0 10 
9 10 
11 10 
11 13 
-22 -1
9 0 
0 2 
1 2 
8 3 
10 3 
3 4 
5 4 
3 5 
7 6 
14 7 
6 8 
7 8 
9 10 
11 10 
9 11 
13 12 
14 12 
2 13 
13 14 
-22 -2
0 1 
0 2 
1 2 
8 3 
10 3 
3 4 
5 4 
3 5 
7 6 
14 6 
14 7 
6 8 
7 8 
1 9 
12 9 
9 10 
11 10 
9 11 
13 12 
14 12 
2 13 
13 14 
-22 -3
0 1 
3 4 
5 4 
3 5 
1 6 
10 9 
11 9 
6 10 
10 11 
5 12 
12 14 
13 14 
-23 -1
2 0 
0 1 
2 1 
3 4 
5 4 
3 5 
1 6 
6 7 
8 7 
6 8 
10 9 
11 9 
6 10 
10 11 
5 12 
12 14 
13 14 
-23 -2
2 0 
0 1 
2 1 
9 3 
3 4 
5 4 
3 5 
13 5 
1 6 
6 7 
8 7 
6 8 
10 9 
11 9 
6 10 
1 11 
10 11 
8 12 
12 13 
12 14 
13 14 
-23 -3
1 0 
2 0 
3 5 
4 5 
6 7 
6 8 
7 8 
10 9 
11 9 
13 12 
14 12 
-24 -1
1 0 
2 0 
2 1 
7 2 
3 4 
3 5 
4 5 
6 7 
6 8 
7 8 
10 9 
11 9 
10 11 
13 12 
14 12 
13 14 
-24 -2
1 0 
2 0 
2 1 
7 2 
0 3 
3 4 
3 5 
4 5 
14 6 
6 7 
6 8 
7 8 
10 9 
11 9 
10 11 
13 12 
14 12 
13 14 
-24 -3
0 1 
2 1 
3 4 
5 4 
14 12 
-25 -1
0 1 
2 1 
0 2 
5 3 
3 4 
5 4 
7 6 
8 6 
8 7 
11 9 
9 10 
11 10 
13 12 
14 12 
13 14 
-25 -2
4 3 
5 3 
5 4 
8 7 
9 10 
11 10 
0 12 
12 13 
14 13 
-26 -1
1 0 
2 0 
1 2 
4 3 
5 3 
5 4 
8 6 
6 7 
8 7 
11 9 
9 10 
11 10 
12 13 
14 13 
12 14 
-26 -2
1 0 
2 0 
1 2 
4 3 
5 3 
5 4 
11 5 
8 6 
6 7 
8 7 
11 9 
13 9 
9 10 
11 10 
8 11 
12 11 
12 13 
14 13 
12 14 
-26 -3
0 1 
2 1 
8 7 
12 8 
13 12 
12 14 
13 14 
-27 -1
14 0 
0 1 
2 1 
4 3 
3 5 
4 5 
8 6 
6 7 
8 7 
12 8 
10 9 
11 9 
11 10 
13 12 
12 14 
13 14 
-27 -2
14 0 
0 1 
2 1 
10 2 
4 3 
10 4 
3 5 
4 5 
8 6 
6 7 
8 7 
11 8 
10 9 
11 9 
11 10 
13 12 
12 14 
13 14 
-27 -3
2 0 
14 0 
0 1 
2 1 
10 2 
4 3 
6 3 
10 4 
3 5 
4 5 
8 6 
6 7 
8 7 
11 8 
10 9 
11 9 
11 10 
13 12 
8 13 
12 14 
13 14 
-27 -4
1 0 
2 0 
5 3 
3 4 
5 4 
7 6 
8 6 
9 10 
11 10 
5 11 
9 13 
-28 -1
1 0 
2 0 
5 3 
3 4 
5 4 
7 5 
7 6 
8 6 
7 8 
11 9 
9 10 
11 10 
13 12 
14 12 
9 13 
-28 -2
1 0 
2 0 
2 1 
14 2 
5 3 
3 4 
5 4 
7 6 
8 6 
14 7 
7 8 
3 9 
11 9 
9 10 
11 10 
13 12 
14 12 
4 13 
11 14 
13 14 
-28 -3
1 0 
2 0 
3 5 
4 5 
6 7 
8 7 
6 8 
10 9 
11 9 
0 14 
-29 -1
1 0 
2 0 
4 3 
3 5 
4 5 
6 7 
8 7 
6 8 
10 9 
11 9 
10 11 
13 12 
14 12 
0 14 
-29 -2
1 0 
2 0 
1 2 
4 3 
0 4 
3 5 
4 5 
4 6 
6 7 
8 7 
6 8 
10 9 
11 9 
10 11 
13 12 
14 12 
14 13 
9 14 
-29 -3
5 3 
3 4 
5 4 
8 6 
6 7 
9 10 
11 10 
13 12 
14 12 
3 14 
-30 -1
1 0 
2 0 
5 3 
3 4 
5 4 
8 6 
6 7 
8 7 
11 9 
9 10 
11 10 
13 12 
14 12 
14 13 
3 14 
-30 -2
1 0 
2 0 
1 2 
5 3 
3 4 
5 4 
8 6 
6 7 
8 7 
2 8 
11 9 
9 10 
11 10 
13 12 
14 12 
14 13 
3 14 
-30 -3
