2 0 
8 0 
14 3 
3 4 
6 5 
10 5 
8 6 
4 8 
13 8 
0 10 
0 11 
9 11 
1 12 
3 13 
-1 -1
1 0 
2 0 
14 3 
3 4 
6 5 
10 5 
7 6 
8 6 
13 8 
0 10 
9 10 
0 11 
9 11 
3 13 
12 14 
-1 -2
1 0 
2 0 
2 1 
12 3 
14 3 
3 4 
5 4 
6 5 
7 6 
8 6 
8 7 
13 8 
0 10 
9 10 
9 11 
10 11 
12 13 
14 13 
12 14 
-1 -3
1 0 
2 0 
2 1 
5 3 
3 4 
5 4 
6 5 
7 6 
8 6 
8 7 
0 8 
13 8 
0 10 
9 10 
9 11 
10 11 
0 12 
12 13 
14 13 
12 14 
-1 -4
1 0 
2 0 
2 1 
5 3 
3 4 
6 5 
8 6 
8 7 
12 7 
0 8 
13 8 
0 10 
9 10 
9 11 
10 11 
12 13 
14 13 
12 14 
-1 -5
1 0 
2 0 
2 1 
5 3 
3 4 
6 5 
8 6 
8 7 
12 7 
0 8 
13 8 
3 9 
9 10 
10 11 
12 13 
14 13 
12 14 
-1 -6
1 0 
2 0 
2 1 
13 2 
5 3 
3 4 
7 5 
13 5 
8 6 
8 7 
0 8 
13 8 
3 9 
9 10 
10 11 
12 13 
14 13 
12 14 
-1 -7
2 0 
2 1 
13 2 
8 6 
8 7 
0 8 
13 8 
14 13 
12 14 
-1 -8
2 0 
2 1 
13 2 
8 6 
8 7 
0 8 
13 8 
14 13 
12 14 
-1 -9
2 0 
2 1 
13 2 
8 6 
8 7 
0 8 
13 8 
14 13 
12 14 
-1 -10
2 0 
2 1 
13 2 
8 6 
8 7 
0 8 
13 8 
14 13 
12 14 
-1 -11
5 4 
9 6 
9 11 
10 11 
9 13 
-2 -1
2 0 
0 1 
2 1 
3 4 
5 4 
5 6 
6 7 
6 8 
7 8 
10 9 
6 10 
9 11 
10 11 
13 12 
14 12 
9 13 
-2 -2
2 0 
0 1 
2 1 
5 3 
3 4 
5 4 
6 7 
6 8 
7 8 
10 9 
8 10 
9 11 
10 11 
13 12 
14 12 
6 13 
11 13 
-2 -3
2 0 
0 1 
2 1 
5 3 
3 4 
5 4 
6 7 
6 8 
7 8 
10 9 
8 10 
9 11 
10 11 
13 12 
14 12 
6 13 
6 14 
-2 -4
1 2 
9 3 
5 6 
10 9 
11 9 
13 11 
13 12 
-3 -1
7 1 
1 2 
9 3 
3 5 
10 6 
6 8 
7 8 
10 9 
11 9 
11 10 
12 11 
13 11 
13 12 
14 12 
4 14 
-3 -2
1 0 
12 0 
7 1 
0 2 
1 2 
3 5 
4 5 
4 6 
10 6 
6 8 
7 8 
10 9 
11 9 
11 10 
13 12 
14 12 
-3 -3
1 0 
12 0 
7 1 
0 2 
1 2 
3 4 
8 4 
3 5 
4 5 
10 6 
6 7 
6 8 
7 8 
10 9 
11 9 
11 10 
13 12 
14 12 
14 13 
-3 -4
1 0 
12 0 
7 1 
0 2 
1 2 
3 4 
3 5 
4 5 
10 6 
6 7 
6 8 
10 9 
11 9 
11 10 
13 12 
14 12 
14 13 
-3 -5
10 0 
4 1 
11 1 
0 2 
1 2 
3 4 
5 4 
-4 -1
4 1 
11 1 
0 2 
1 2 
10 3 
3 4 
5 4 
6 7 
8 7 
6 8 
12 10 
7 11 
-4 -2
11 0 
4 1 
11 1 
0 2 
1 2 
0 3 
10 3 
3 4 
5 4 
6 7 
8 7 
6 8 
9 10 
11 10 
7 11 
-4 -3
11 0 
4 1 
11 1 
0 2 
1 2 
10 3 
3 4 
5 4 
3 5 
6 7 
8 7 
6 8 
11 9 
9 10 
11 10 
7 11 
13 12 
14 12 
5 13 
14 13 
-4 -4
11 0 
4 1 
11 1 
1 2 
10 3 
3 4 
5 4 
3 5 
8 7 
6 8 
11 9 
9 10 
11 10 
7 11 
13 12 
14 12 
5 13 
-4 -5
11 0 
11 1 
1 2 
5 4 
3 5 
14 6 
8 7 
6 8 
11 9 
11 10 
7 11 
13 12 
14 12 
13 14 
-4 -6
0 2 
11 4 
13 4 
2 5 
10 8 
2 13 
12 14 
-5 -1
1 0 
9 0 
0 2 
1 2 
11 4 
2 5 
6 7 
8 7 
10 8 
9 11 
10 11 
13 12 
12 14 
13 14 
-5 -2
1 0 
9 0 
0 2 
1 2 
8 3 
11 4 
3 5 
4 5 
8 6 
6 7 
8 7 
10 8 
2 10 
9 11 
10 11 
13 12 
12 14 
13 14 
-5 -3
1 0 
9 0 
0 2 
1 2 
4 3 
8 3 
11 4 
3 5 
4 5 
8 6 
8 7 
10 8 
1 9 
9 10 
9 11 
10 11 
13 12 
12 14 
13 14 
-5 -4
5 3 
6 7 
8 7 
3 12 
13 12 
12 14 
-6 -1
1 0 
2 0 
4 3 
5 3 
6 7 
8 7 
6 8 
3 9 
0 11 
9 11 
3 12 
13 12 
0 13 
12 14 
13 14 
-6 -2
1 0 
2 0 
10 2 
4 3 
5 3 
4 5 
9 6 
6 7 
8 7 
6 8 
3 9 
8 10 
9 10 
9 11 
10 11 
3 12 
13 12 
0 13 
12 14 
13 14 
-6 -3
1 0 
2 0 
2 1 
10 2 
4 3 
5 3 
4 5 
9 6 
6 7 
8 7 
6 8 
3 9 
8 10 
9 10 
9 11 
10 11 
3 12 
13 12 
0 13 
12 14 
13 14 
-6 -4
10 0 
0 1 
2 1 
14 5 
6 7 
8 7 
1 9 
3 11 
14 13 
-7 -1
10 0 
0 1 
2 1 
7 2 
12 2 
14 5 
6 7 
8 7 
4 8 
1 9 
10 9 
11 10 
12 13 
14 13 
-7 -2
10 0 
0 1 
2 1 
4 2 
7 2 
14 5 
11 6 
6 7 
8 7 
10 9 
11 9 
11 10 
12 13 
14 13 
2 14 
-7 -3
14 0 
0 1 
2 1 
4 2 
7 2 
9 3 
14 5 
11 6 
6 7 
8 7 
6 8 
10 9 
11 9 
11 10 
14 12 
12 13 
14 13 
2 14 
3 14 
-7 -4
14 0 
0 1 
2 1 
4 2 
7 2 
9 3 
3 4 
3 5 
4 5 
11 6 
6 7 
8 7 
6 8 
10 9 
11 9 
11 10 
14 12 
12 13 
14 13 
5 14 
-7 -5
5 0 
0 1 
2 1 
4 2 
9 3 
3 4 
3 5 
4 5 
11 6 
6 7 
8 7 
6 8 
10 9 
11 9 
11 10 
14 12 
14 13 
5 14 
-7 -6
11 0 
3 2 
3 4 
5 4 
3 5 
4 8 
10 9 
12 11 
-8 -1
3 2 
3 4 
5 4 
3 5 
8 7 
1 8 
4 8 
10 9 
11 9 
4 10 
-8 -2
5 0 
14 1 
3 4 
5 4 
8 6 
6 7 
8 7 
1 8 
4 8 
10 9 
11 9 
-8 -3
5 0 
14 1 
0 2 
1 2 
5 3 
3 4 
5 4 
8 6 
6 7 
8 7 
1 8 
4 8 
10 9 
11 9 
13 10 
13 12 
12 14 
13 14 
-8 -4
5 0 
14 1 
0 2 
1 2 
5 3 
3 4 
5 4 
1 5 
8 6 
6 7 
8 7 
1 8 
4 8 
10 9 
11 9 
13 10 
13 12 
12 14 
13 14 
-8 -5
5 0 
14 1 
0 2 
1 2 
5 3 
3 4 
5 4 
1 5 
8 6 
8 7 
1 8 
4 8 
10 9 
11 9 
0 10 
13 10 
2 11 
10 11 
13 12 
13 14 
-8 -6
2 3 
6 8 
7 8 
-9 -1
0 2 
1 2 
2 3 
2 4 
11 6 
6 7 
6 8 
7 8 
12 10 
12 14 
13 14 
-9 -2
7 0 
0 1 
0 2 
1 2 
2 3 
2 4 
11 6 
6 7 
12 7 
6 8 
7 8 
12 11 
12 14 
13 14 
-9 -3
7 0 
0 1 
0 2 
1 2 
2 3 
10 3 
2 4 
3 5 
4 5 
11 6 
6 7 
12 7 
6 8 
7 8 
11 9 
9 10 
11 10 
12 13 
12 14 
13 14 
-9 -4
7 0 
0 1 
0 2 
1 2 
2 3 
10 3 
2 4 
3 5 
4 5 
11 6 
6 7 
12 7 
6 8 
7 8 
11 9 
9 10 
11 10 
10 12 
12 13 
12 14 
13 14 
-9 -5
12 0 
0 2 
6 2 
14 4 
11 6 
12 8 
9 10 
11 10 
12 13 
14 13 
-10 -1
12 0 
5 1 
0 2 
1 2 
4 3 
5 3 
0 6 
11 6 
12 7 
12 8 
14 9 
9 10 
11 10 
12 13 
14 13 
-10 -2
12 0 
5 1 
0 2 
1 2 
4 3 
5 3 
9 4 
0 6 
11 6 
12 7 
12 8 
7 9 
9 10 
11 10 
8 11 
12 13 
14 13 
8 14 
-10 -3
12 0 
0 2 
1 2 
4 3 
5 3 
0 6 
11 6 
6 7 
8 7 
12 8 
11 9 
9 10 
11 10 
2 11 
8 11 
12 13 
14 13 
8 14 
-10 -4
12 0 
0 1 
0 2 
1 2 
4 3 
5 3 
5 4 
0 6 
11 6 
6 7 
8 7 
12 8 
11 9 
9 10 
11 10 
8 11 
12 13 
14 13 
12 14 
-10 -5
12 0 
0 1 
3 1 
0 2 
4 3 
5 3 
5 4 
0 6 
11 6 
6 7 
8 7 
12 8 
11 9 
11 10 
8 11 
12 13 
14 13 
12 14 
-10 -6
12 0 
0 1 
0 2 
5 3 
5 4 
0 5 
11 6 
8 7 
12 8 
11 9 
11 10 
8 11 
14 13 
12 14 
-10 -7
0 1 
0 2 
5 3 
5 4 
7 6 
8 7 
12 8 
11 9 
11 10 
8 11 
14 13 
12 14 
-10 -8
1 0 
9 1 
1 2 
3 4 
6 5 
0 7 
4 7 
2 8 
10 9 
11 10 
4 11 
5 11 
4 13 
-11 -1
1 0 
2 0 
9 1 
1 2 
5 3 
3 4 
5 4 
6 5 
0 7 
4 7 
2 8 
10 9 
11 9 
11 10 
4 11 
5 11 
13 12 
14 12 
4 13 
11 13 
13 14 
-11 -2
12 0 
13 3 
2 9 
-12 -1
13 3 
3 5 
4 5 
7 6 
8 6 
9 8 
2 9 
9 11 
10 11 
13 12 
14 12 
0 14 
-12 -2
10 0 
13 1 
13 3 
3 5 
4 5 
7 6 
8 6 
13 7 
2 9 
9 11 
10 11 
13 12 
14 12 
14 13 
0 14 
-12 -3
10 0 
13 1 
6 3 
13 3 
3 5 
4 5 
7 6 
8 6 
11 8 
2 9 
9 10 
9 11 
10 11 
13 12 
14 12 
14 13 
0 14 
-12 -4
2 0 
0 1 
2 1 
6 3 
13 3 
3 4 
3 5 
4 5 
7 6 
8 6 
11 8 
9 10 
9 11 
10 11 
13 12 
14 12 
14 13 
0 14 
-12 -5
2 0 
0 1 
2 1 
6 3 
13 3 
3 4 
3 5 
7 6 
8 6 
10 7 
11 8 
9 10 
9 11 
10 11 
13 12 
14 13 
0 14 
6 14 
-12 -6
2 0 
0 1 
13 3 
3 4 
3 5 
8 6 
8 7 
0 9 
9 10 
10 11 
13 12 
14 13 
0 14 
-12 -7
2 0 
8 7 
12 13 
-13 -1
2 0 
10 0 
2 1 
6 1 
12 4 
3 5 
4 5 
6 7 
8 7 
6 8 
11 9 
9 10 
11 10 
14 12 
12 13 
14 13 
-13 -2
2 0 
13 0 
0 1 
2 1 
4 3 
9 4 
12 4 
3 5 
4 5 
6 7 
8 7 
6 8 
11 8 
11 9 
9 10 
11 10 
14 12 
12 13 
14 13 
-13 -3
9 0 
12 6 
6 7 
8 7 
14 12 
-14 -1
9 0 
0 1 
2 1 
5 2 
4 3 
5 3 
6 7 
8 7 
10 8 
9 10 
11 10 
13 12 
14 12 
14 13 
-14 -2
9 0 
0 1 
2 1 
0 2 
4 3 
5 3 
8 6 
6 7 
8 7 
10 8 
11 9 
9 10 
11 10 
13 12 
14 12 
10 13 
14 13 
-14 -3
9 0 
0 1 
2 1 
0 2 
4 3 
5 3 
5 4 
2 5 
8 6 
6 7 
8 7 
10 8 
11 9 
9 10 
11 10 
13 12 
14 12 
10 13 
14 13 
-14 -4
0 1 
11 1 
1 3 
3 4 
7 5 
8 6 
4 7 
8 7 
1 12 
12 13 
1 14 
-15 -1
11 0 
0 1 
11 1 
1 3 
6 3 
3 4 
7 5 
8 6 
9 6 
8 7 
9 10 
11 10 
14 12 
12 13 
14 13 
1 14 
-15 -2
11 0 
0 1 
2 1 
1 3 
6 3 
3 4 
5 4 
6 5 
7 5 
8 6 
9 6 
6 7 
8 7 
11 9 
9 10 
11 10 
14 12 
12 13 
14 13 
4 14 
-15 -3
11 0 
0 1 
2 1 
6 2 
1 3 
5 3 
3 4 
5 4 
8 6 
6 7 
8 7 
11 8 
11 9 
9 10 
11 10 
14 12 
12 13 
14 13 
2 14 
4 14 
-15 -4
11 0 
0 1 
2 1 
0 2 
1 3 
5 3 
3 4 
5 4 
10 5 
8 6 
8 7 
11 8 
11 9 
9 10 
14 12 
12 13 
2 14 
4 14 
-15 -5
11 0 
2 1 
0 2 
1 3 
5 3 
3 4 
8 6 
8 7 
11 8 
11 9 
9 10 
14 12 
12 13 
4 14 
-15 -6
11 0 
2 1 
0 2 
1 3 
5 3 
3 4 
1 5 
6 5 
8 6 
8 7 
11 8 
11 9 
9 10 
14 12 
12 13 
-15 -7
11 0 
2 1 
0 2 
1 3 
5 3 
3 4 
1 5 
6 5 
9 5 
8 6 
8 7 
11 8 
11 9 
9 10 
14 12 
12 13 
-15 -8
1 0 
2 0 
6 1 
4 3 
5 3 
11 4 
12 7 
8 10 
2 12 
12 14 
-16 -1
1 0 
2 0 
4 1 
6 1 
6 2 
4 3 
5 3 
11 4 
4 5 
7 6 
8 6 
8 10 
9 11 
10 11 
2 12 
10 13 
12 14 
-16 -2
1 0 
2 0 
4 1 
6 1 
6 2 
4 3 
5 3 
11 4 
4 5 
7 6 
8 6 
8 10 
9 11 
10 11 
13 12 
12 14 
13 14 
-16 -3
1 0 
2 0 
4 1 
6 1 
1 2 
6 2 
4 3 
5 3 
11 4 
4 5 
7 6 
8 6 
7 8 
6 9 
10 9 
8 10 
9 11 
10 11 
13 12 
12 14 
13 14 
-16 -4
8 3 
10 6 
13 7 
6 8 
12 13 
14 13 
-17 -1
6 0 
0 1 
2 1 
10 2 
8 3 
10 6 
8 7 
13 7 
6 8 
12 13 
14 13 
-17 -2
6 0 
0 1 
2 1 
10 2 
4 3 
5 3 
1 4 
8 4 
10 6 
6 7 
8 7 
13 7 
6 8 
7 9 
12 11 
14 12 
12 13 
14 13 
-17 -3
2 0 
6 0 
0 1 
2 1 
10 2 
4 3 
5 3 
12 5 
10 6 
6 7 
13 7 
6 8 
10 9 
11 9 
11 10 
12 11 
14 12 
12 13 
14 13 
-17 -4
0 1 
2 1 
10 2 
4 3 
5 3 
9 4 
9 6 
10 6 
6 7 
6 8 
10 9 
11 9 
11 10 
14 12 
12 13 
14 13 
-17 -5
0 1 
2 1 
0 2 
10 2 
4 3 
5 3 
5 4 
9 4 
13 5 
9 6 
10 6 
6 7 
6 8 
10 9 
11 9 
11 10 
14 12 
14 13 
-17 -6
4 0 
0 1 
2 1 
0 2 
10 2 
4 3 
5 3 
5 4 
9 4 
13 5 
10 6 
6 7 
6 8 
11 9 
11 10 
14 12 
14 13 
6 14 
-17 -7
4 3 
12 4 
4 7 
7 8 
-18 -1
14 1 
4 3 
10 3 
12 4 
3 5 
4 5 
6 8 
7 8 
9 10 
11 10 
12 14 
13 14 
-18 -2
5 0 
6 0 
14 1 
4 3 
10 3 
3 5 
4 5 
6 8 
7 8 
9 10 
11 10 
5 13 
12 14 
13 14 
-18 -3
5 0 
6 0 
0 2 
1 2 
4 3 
10 3 
3 5 
4 5 
4 6 
0 7 
6 8 
7 8 
9 10 
11 10 
9 11 
13 12 
5 13 
12 14 
13 14 
-18 -4
6 0 
0 2 
1 2 
4 3 
3 5 
4 5 
4 6 
6 7 
6 8 
7 8 
9 10 
9 11 
13 12 
5 13 
12 14 
13 14 
-18 -5
2 0 
0 3 
2 4 
3 4 
5 4 
0 6 
14 9 
0 10 
10 13 
14 13 
5 14 
-19 -1
1 0 
2 0 
2 1 
8 1 
0 3 
2 4 
3 4 
5 4 
3 5 
0 6 
2 8 
7 8 
14 9 
0 10 
13 12 
14 12 
1 13 
14 13 
5 14 
-19 -2
1 0 
2 0 
2 1 
8 1 
1 3 
3 4 
5 4 
7 6 
8 6 
2 8 
7 8 
14 9 
0 10 
13 12 
14 12 
14 13 
5 14 
7 14 
-19 -3
1 0 
2 0 
2 1 
8 1 
3 4 
5 4 
3 5 
7 6 
8 6 
2 8 
7 8 
2 9 
14 9 
0 10 
14 10 
9 11 
10 11 
13 12 
14 12 
14 13 
7 14 
-19 -4
2 0 
2 1 
10 3 
3 4 
5 4 
3 5 
7 6 
8 6 
7 8 
14 9 
9 10 
9 11 
10 11 
13 12 
14 12 
14 13 
-19 -5
1 0 
2 0 
5 3 
5 4 
7 8 
9 10 
11 10 
-20 -1
1 0 
2 0 
2 1 
4 3 
5 3 
5 4 
3 6 
1 7 
6 7 
6 8 
7 8 
11 9 
9 10 
11 10 
4 11 
7 12 
9 12 
12 13 
14 13 
-20 -2
11 4 
1 7 
11 9 
-21 -1
14 0 
0 1 
1 2 
13 2 
4 3 
9 4 
3 5 
4 5 
1 6 
1 7 
6 8 
7 8 
11 9 
13 9 
9 10 
11 10 
14 11 
14 12 
12 13 
14 13 
-21 -2
14 0 
0 1 
0 2 
1 2 
4 3 
12 3 
9 4 
3 5 
4 5 
1 6 
7 6 
1 7 
6 8 
7 8 
11 9 
13 9 
9 10 
11 10 
14 11 
14 12 
12 13 
14 13 
-21 -3
0 1 
3 2 
5 4 
7 6 
7 8 
2 12 
12 14 
13 14 
-22 -1
12 0 
0 1 
2 1 
3 2 
5 3 
3 4 
5 4 
7 6 
6 8 
7 8 
9 10 
11 10 
2 12 
8 12 
12 13 
12 14 
13 14 
-22 -2
12 0 
0 1 
2 1 
3 2 
5 3 
8 3 
3 4 
5 4 
7 6 
6 8 
7 8 
4 9 
9 10 
11 10 
9 11 
12 11 
12 13 
12 14 
13 14 
-22 -3
14 0 
0 1 
2 1 
5 3 
8 3 
3 4 
5 4 
1 5 
14 5 
7 6 
1 7 
7 8 
12 9 
9 10 
11 10 
9 11 
12 11 
12 13 
12 14 
13 14 
-22 -4
2 1 
14 2 
6 3 
12 6 
7 8 
10 8 
2 10 
9 11 
10 11 
6 13 
13 14 
-23 -1
2 0 
0 1 
2 1 
6 3 
7 3 
3 4 
5 4 
12 6 
6 7 
10 7 
6 8 
7 8 
12 9 
2 10 
9 11 
10 11 
6 13 
12 14 
13 14 
-23 -2
4 0 
3 2 
4 3 
5 3 
0 14 
-24 -1
1 0 
2 0 
4 0 
2 1 
3 2 
4 3 
5 3 
4 5 
8 6 
6 7 
8 7 
3 10 
0 14 
-24 -2
1 0 
2 0 
2 1 
7 1 
3 2 
4 3 
5 3 
4 5 
8 6 
6 7 
8 7 
7 9 
3 10 
6 13 
0 14 
-24 -3
1 0 
2 0 
2 1 
7 1 
3 2 
4 3 
5 3 
4 5 
8 6 
6 7 
8 7 
5 8 
7 9 
3 10 
9 11 
10 11 
13 12 
14 12 
6 13 
14 13 
0 14 
-24 -4
1 0 
2 0 
2 1 
7 1 
3 2 
4 3 
5 3 
4 5 
8 6 
8 7 
5 8 
7 9 
8 10 
9 10 
9 11 
10 11 
13 12 
14 12 
14 13 
0 14 
-24 -5
6 0 
11 2 
7 5 
14 7 
1 10 
1 12 
9 14 
-25 -1
1 0 
2 0 
11 2 
1 3 
7 5 
6 7 
8 7 
12 8 
10 9 
11 9 
2 10 
1 12 
9 14 
-25 -2
1 0 
2 0 
10 1 
11 2 
6 7 
8 7 
4 8 
12 8 
10 9 
11 9 
2 10 
1 12 
-25 -3
1 0 
2 0 
2 1 
3 2 
5 3 
3 4 
5 4 
6 7 
8 7 
4 8 
12 8 
10 9 
11 9 
2 10 
13 12 
10 13 
12 14 
13 14 
-25 -4
1 0 
2 0 
2 1 
3 2 
5 3 
3 4 
5 4 
2 6 
6 7 
8 7 
4 8 
12 8 
10 9 
11 9 
6 10 
10 11 
9 12 
13 12 
10 13 
12 14 
13 14 
-25 -5
1 0 
2 0 
2 1 
3 2 
5 3 
3 4 
5 4 
2 6 
6 7 
8 7 
4 8 
12 8 
10 9 
11 9 
6 10 
10 11 
4 12 
13 12 
12 14 
13 14 
-25 -6
2 0 
2 1 
3 2 
5 3 
3 4 
5 4 
8 6 
6 7 
8 7 
4 8 
12 8 
11 9 
10 11 
4 12 
13 12 
12 14 
-25 -7
2 0 
2 1 
5 3 
5 4 
13 5 
8 6 
8 7 
4 8 
12 8 
4 12 
13 12 
12 14 
-25 -8
2 0 
2 1 
5 3 
5 4 
13 5 
8 6 
8 7 
4 8 
12 8 
13 12 
12 14 
-25 -9
5 3 
5 4 
13 5 
8 6 
8 7 
4 8 
12 8 
13 12 
12 14 
-25 -10
5 3 
5 4 
13 5 
8 6 
8 7 
4 8 
12 8 
13 12 
12 14 
-25 -11
7 0 
7 2 
3 4 
5 4 
7 6 
8 6 
4 8 
6 9 
8 10 
5 12 
14 12 
0 13 
0 14 
-26 -1
3 0 
0 1 
2 1 
0 2 
7 2 
5 3 
3 4 
5 4 
7 6 
8 6 
5 7 
5 8 
6 9 
13 9 
9 10 
9 11 
10 11 
5 12 
14 12 
6 13 
0 14 
6 14 
-26 -2
0 1 
2 1 
0 2 
7 2 
5 3 
11 3 
3 4 
5 4 
7 6 
8 6 
8 7 
5 8 
6 9 
13 9 
9 10 
9 11 
10 11 
13 12 
14 12 
6 13 
0 14 
6 14 
-26 -3
7 0 
0 1 
2 1 
0 2 
7 2 
5 3 
3 4 
5 4 
7 6 
8 6 
8 7 
5 8 
6 9 
13 9 
9 10 
9 11 
10 11 
13 12 
14 12 
6 13 
14 13 
0 14 
6 14 
-26 -4
2 1 
4 2 
8 5 
13 6 
12 10 
14 12 
8 13 
13 14 
-27 -1
1 0 
2 0 
2 1 
4 2 
3 4 
5 4 
3 5 
8 5 
13 6 
7 8 
12 9 
12 10 
9 11 
10 11 
13 12 
14 12 
8 13 
13 14 
-27 -2
1 0 
2 0 
2 1 
4 2 
3 4 
5 4 
3 5 
8 5 
7 6 
8 6 
7 8 
7 9 
9 10 
12 10 
9 11 
10 11 
13 12 
14 12 
8 13 
13 14 
-27 -3
1 0 
2 0 
2 1 
8 3 
3 4 
5 4 
3 5 
7 6 
8 6 
7 8 
7 9 
9 10 
9 11 
10 11 
13 12 
14 12 
8 13 
13 14 
-27 -4
1 2 
3 5 
4 5 
11 6 
5 7 
11 8 
9 11 
10 11 
11 12 
-28 -1
2 0 
1 2 
10 2 
3 5 
4 5 
11 6 
5 7 
6 7 
8 7 
11 8 
9 11 
10 11 
7 12 
0 13 
-28 -2
1 0 
2 0 
1 2 
10 2 
3 5 
4 5 
11 6 
6 7 
8 7 
11 8 
9 10 
9 11 
10 11 
7 12 
1 13 
-28 -3
1 0 
2 0 
1 2 
10 2 
8 3 
3 4 
3 5 
4 5 
11 6 
6 7 
8 7 
11 8 
13 8 
9 10 
9 11 
10 11 
13 12 
14 12 
-28 -4
2 0 
1 2 
8 3 
3 4 
3 5 
4 5 
11 6 
6 7 
8 7 
11 8 
13 8 
9 10 
9 11 
10 11 
13 12 
14 12 
13 14 
-28 -5
5 0 
14 9 
-29 -1
0 1 
2 1 
4 3 
5 3 
-29 -2
0 1 
2 1 
0 2 
4 3 
5 3 
5 4 
7 5 
7 6 
8 6 
10 9 
11 9 
6 10 
11 10 
14 11 
12 14 
13 14 
-29 -3
0 1 
2 1 
0 2 
7 2 
4 3 
5 3 
5 4 
11 4 
10 5 
7 6 
8 6 
8 7 
10 9 
11 9 
6 10 
6 11 
12 13 
12 14 
13 14 
-29 -4
0 1 
2 1 
5 3 
5 4 
1 5 
7 6 
8 6 
8 7 
14 7 
10 9 
11 9 
6 10 
11 10 
6 11 
12 13 
12 14 
13 14 
-29 -5
3 4 
5 4 
10 5 
7 8 
2 10 
-30 -1
8 0 
0 2 
1 2 
3 4 
5 4 
6 5 
10 5 
7 6 
6 8 
7 8 
10 9 
11 9 
2 10 
10 11 
14 13 
-30 -2
8 0 
0 2 
1 2 
5 3 
3 4 
5 4 
6 5 
10 5 
7 6 
6 8 
7 8 
10 9 
11 9 
8 11 
10 11 
14 12 
12 13 
14 13 
-30 -3
7 0 
0 1 
0 2 
1 2 
5 3 
3 4 
5 4 
7 6 
10 6 
6 8 
7 8 
10 9 
11 9 
8 11 
10 11 
14 12 
12 13 
14 13 
5 14 
9 14 
-30 -4
