11 10 
16 14 
7 16 
-10 -1
11 10 
16 15 
7 16 
15 17 
-10 -2
3 4 
6 5 
11 10 
16 15 
7 16 
15 17 
-10 -3
16 1 
3 4 
6 5 
11 9 
11 10 
16 15 
7 16 
15 17 
-10 -4
16 1 
3 4 
6 5 
11 9 
11 10 
16 15 
7 16 
15 17 
-10 -5
3 4 
6 5 
11 9 
11 10 
16 15 
7 16 
15 17 
-10 -6
3 4 
11 9 
11 10 
14 13 
16 15 
7 16 
15 17 
-10 -7
3 4 
11 9 
11 10 
12 11 
14 13 
11 14 
16 15 
15 17 
-10 -8
3 4 
11 9 
11 10 
12 11 
14 13 
11 14 
16 15 
15 17 
-10 -9
14 2 
9 7 
11 9 
11 10 
14 13 
11 14 
16 15 
15 17 
-10 -10
13 7 
11 9 
11 10 
14 13 
11 14 
16 15 
15 17 
-10 -11
-11 -1
10 4 
10 6 
15 8 
13 12 
-11 -2
12 2 
10 4 
10 6 
15 8 
13 12 
15 17 
-11 -3
10 6 
15 8 
8 9 
13 12 
-11 -4
15 8 
13 12 
-11 -5
8 2 
15 8 
13 12 
11 13 
16 17 
-11 -6
15 8 
13 12 
11 13 
16 15 
16 17 
-11 -7
15 8 
13 12 
11 13 
16 15 
16 17 
17 18 
-11 -8
15 8 
13 12 
11 13 
16 15 
16 17 
-11 -9
3 4 
8 6 
15 8 
15 9 
13 12 
11 13 
11 14 
16 15 
9 18 
-11 -10
3 4 
15 8 
15 9 
13 12 
11 14 
16 15 
8 19 
-11 -11
-12 -1
15 4 
4 6 
10 11 
6 13 
-12 -2
15 4 
15 5 
4 6 
6 8 
6 9 
10 11 
11 12 
6 13 
16 15 
-12 -3
15 4 
15 5 
4 6 
6 8 
6 9 
10 11 
11 12 
6 13 
16 15 
-12 -4
15 4 
15 5 
4 6 
6 8 
10 11 
11 12 
6 13 
16 15 
-12 -5
15 4 
15 5 
4 6 
6 8 
10 11 
11 12 
6 13 
16 15 
17 16 
-12 -6
15 4 
4 5 
4 6 
6 8 
10 9 
10 11 
11 12 
6 13 
16 15 
17 16 
-12 -7
15 4 
6 5 
4 6 
6 8 
10 9 
10 11 
11 12 
6 13 
16 15 
17 16 
-12 -8
14 3 
6 5 
4 6 
6 8 
10 9 
10 11 
11 12 
6 13 
16 15 
17 16 
-12 -9
6 5 
4 6 
6 8 
10 9 
10 11 
11 12 
6 13 
13 14 
16 15 
17 16 
-12 -10
6 5 
4 6 
6 8 
10 9 
10 11 
11 12 
6 13 
13 14 
-12 -11
12 4 
6 5 
4 6 
6 7 
6 8 
6 13 
13 14 
-12 -12
7 2 
7 3 
12 4 
4 6 
6 7 
6 8 
6 13 
13 14 
-12 -13
7 2 
7 3 
6 7 
6 8 
6 13 
13 14 
-12 -14
-13 -1
10 4 
10 6 
15 8 
13 12 
-13 -2
12 2 
10 4 
10 6 
15 8 
13 12 
15 17 
-13 -3
10 6 
15 8 
8 9 
13 12 
-13 -4
15 8 
13 12 
-13 -5
8 2 
15 8 
13 12 
11 13 
16 17 
-13 -6
15 8 
13 12 
11 13 
16 15 
16 17 
-13 -7
15 8 
13 12 
11 13 
16 15 
16 17 
17 18 
-13 -8
15 8 
13 12 
11 13 
16 15 
16 17 
-13 -9
3 4 
8 6 
15 8 
15 9 
13 12 
11 13 
11 14 
16 15 
9 18 
-13 -10
3 4 
15 8 
15 9 
13 12 
11 14 
16 15 
8 19 
-13 -11
11 10 
16 14 
7 16 
-14 -1
11 10 
16 15 
7 16 
15 17 
-14 -2
3 4 
6 5 
11 10 
16 15 
7 16 
15 17 
-14 -3
16 1 
3 4 
6 5 
11 9 
11 10 
16 15 
7 16 
15 17 
-14 -4
16 1 
3 4 
6 5 
11 9 
11 10 
16 15 
7 16 
15 17 
-14 -5
3 4 
6 5 
11 9 
11 10 
16 15 
7 16 
15 17 
-14 -6
3 4 
11 9 
11 10 
14 13 
16 15 
7 16 
15 17 
-14 -7
3 4 
11 9 
11 10 
12 11 
14 13 
11 14 
16 15 
15 17 
-14 -8
3 4 
11 9 
11 10 
12 11 
14 13 
11 14 
16 15 
15 17 
-14 -9
14 2 
9 7 
11 9 
11 10 
14 13 
11 14 
16 15 
15 17 
-14 -10
13 7 
11 9 
11 10 
14 13 
11 14 
16 15 
15 17 
-14 -11
-15 -1
10 4 
10 6 
15 8 
13 12 
-15 -2
12 2 
10 4 
10 6 
15 8 
13 12 
15 17 
-15 -3
10 6 
15 8 
8 9 
13 12 
-15 -4
15 8 
13 12 
-15 -5
8 2 
15 8 
13 12 
11 13 
16 17 
-15 -6
15 8 
13 12 
11 13 
16 15 
16 17 
-15 -7
15 8 
13 12 
11 13 
16 15 
16 17 
17 18 
-15 -8
15 8 
13 12 
11 13 
16 15 
16 17 
-15 -9
3 4 
8 6 
15 8 
15 9 
13 12 
11 13 
11 14 
16 15 
9 18 
-15 -10
3 4 
15 8 
15 9 
13 12 
11 14 
16 15 
8 19 
-15 -11
-16 -1
15 4 
4 6 
10 11 
6 13 
-16 -2
15 4 
15 5 
4 6 
6 8 
6 9 
10 11 
11 12 
6 13 
16 15 
-16 -3
15 4 
15 5 
4 6 
6 8 
6 9 
10 11 
11 12 
6 13 
16 15 
-16 -4
15 4 
15 5 
4 6 
6 8 
10 11 
11 12 
6 13 
16 15 
-16 -5
15 4 
15 5 
4 6 
6 8 
10 11 
11 12 
6 13 
16 15 
17 16 
-16 -6
15 4 
4 5 
4 6 
6 8 
10 9 
10 11 
11 12 
6 13 
16 15 
17 16 
-16 -7
15 4 
6 5 
4 6 
6 8 
10 9 
10 11 
11 12 
6 13 
16 15 
17 16 
-16 -8
14 3 
6 5 
4 6 
6 8 
10 9 
10 11 
11 12 
6 13 
16 15 
17 16 
-16 -9
6 5 
4 6 
6 8 
10 9 
10 11 
11 12 
6 13 
13 14 
16 15 
17 16 
-16 -10
6 5 
4 6 
6 8 
10 9 
10 11 
11 12 
6 13 
13 14 
-16 -11
12 4 
6 5 
4 6 
6 7 
6 8 
6 13 
13 14 
-16 -12
7 2 
7 3 
12 4 
4 6 
6 7 
6 8 
6 13 
13 14 
-16 -13
7 2 
7 3 
6 7 
6 8 
6 13 
13 14 
-16 -14
-17 -1
10 4 
10 6 
15 8 
13 12 
-17 -2
12 2 
10 4 
10 6 
15 8 
13 12 
15 17 
-17 -3
10 6 
15 8 
8 9 
13 12 
-17 -4
15 8 
13 12 
-17 -5
8 2 
15 8 
13 12 
11 13 
16 17 
-17 -6
15 8 
13 12 
11 13 
16 15 
16 17 
-17 -7
15 8 
13 12 
11 13 
16 15 
16 17 
17 18 
-17 -8
15 8 
13 12 
11 13 
16 15 
16 17 
-17 -9
3 4 
8 6 
15 8 
15 9 
13 12 
11 13 
11 14 
16 15 
9 18 
-17 -10
3 4 
15 8 
15 9 
13 12 
11 14 
16 15 
8 19 
-17 -11
11 10 
16 14 
7 16 
-18 -1
11 10 
16 15 
7 16 
15 17 
-18 -2
3 4 
6 5 
11 10 
16 15 
7 16 
15 17 
-18 -3
16 1 
3 4 
6 5 
11 9 
11 10 
16 15 
7 16 
15 17 
-18 -4
16 1 
3 4 
6 5 
11 9 
11 10 
16 15 
7 16 
15 17 
-18 -5
3 4 
6 5 
11 9 
11 10 
16 15 
7 16 
15 17 
-18 -6
3 4 
11 9 
11 10 
14 13 
16 15 
7 16 
15 17 
-18 -7
3 4 
11 9 
11 10 
12 11 
14 13 
11 14 
16 15 
15 17 
-18 -8
3 4 
11 9 
11 10 
12 11 
14 13 
11 14 
16 15 
15 17 
-18 -9
14 2 
9 7 
11 9 
11 10 
14 13 
11 14 
16 15 
15 17 
-18 -10
13 7 
11 9 
11 10 
14 13 
11 14 
16 15 
15 17 
-18 -11
-19 -1
10 4 
10 6 
15 8 
13 12 
-19 -2
12 2 
10 4 
10 6 
15 8 
13 12 
15 17 
-19 -3
10 6 
15 8 
8 9 
13 12 
-19 -4
15 8 
13 12 
-19 -5
8 2 
15 8 
13 12 
11 13 
16 17 
-19 -6
15 8 
13 12 
11 13 
16 15 
16 17 
-19 -7
15 8 
13 12 
11 13 
16 15 
16 17 
17 18 
-19 -8
15 8 
13 12 
11 13 
16 15 
16 17 
-19 -9
3 4 
8 6 
15 8 
15 9 
13 12 
11 13 
11 14 
16 15 
9 18 
-19 -10
3 4 
15 8 
15 9 
13 12 
11 14 
16 15 
8 19 
-19 -11
16 0 
10 11 
-1 -1
17 4 
5 6 
5 8 
7 10 
-1 -2
17 4 
5 6 
5 8 
7 10 
-1 -3
7 1 
4 3 
17 4 
5 6 
5 8 
8 9 
7 10 
-1 -4
7 1 
4 3 
17 4 
5 6 
5 8 
8 9 
7 10 
-1 -5
7 1 
4 3 
17 4 
18 5 
5 6 
6 7 
5 8 
8 9 
7 10 
-1 -6
7 1 
5 2 
4 3 
17 4 
18 5 
5 6 
6 7 
5 8 
8 9 
7 10 
16 14 
-1 -7
7 1 
5 2 
4 3 
17 4 
5 6 
5 8 
8 9 
7 10 
16 14 
-1 -8
7 1 
5 2 
4 3 
17 4 
5 6 
2 7 
5 8 
8 9 
7 10 
9 11 
16 14 
-1 -9
4 3 
17 4 
2 7 
7 10 
16 14 
-1 -10
2 7 
14 9 
7 10 
16 14 
-1 -11
2 7 
14 9 
7 10 
16 14 
-1 -12
-20 -1
18 3 
5 6 
-20 -2
18 3 
5 6 
0 12 
-20 -3
18 3 
5 6 
-20 -4
5 6 
9 11 
10 12 
5 13 
17 15 
15 16 
-20 -5
5 6 
9 11 
10 12 
5 13 
17 15 
15 16 
-20 -6
4 5 
5 6 
6 8 
11 10 
9 11 
10 12 
4 14 
17 15 
15 16 
-20 -7
5 0 
6 2 
4 5 
5 6 
6 8 
9 11 
10 12 
4 14 
17 15 
15 16 
-20 -8
5 0 
6 2 
4 5 
5 6 
6 8 
9 11 
10 12 
4 14 
17 15 
15 16 
15 19 
-20 -9
8 3 
-21 -1
8 3 
18 4 
10 9 
17 19 
-21 -2
8 3 
18 4 
10 9 
11 10 
4 11 
19 16 
17 19 
-21 -3
8 3 
18 4 
4 6 
10 9 
4 11 
16 15 
18 17 
17 19 
-21 -4
8 3 
4 6 
14 7 
10 9 
4 11 
16 15 
17 19 
-21 -5
4 6 
12 10 
4 11 
16 15 
9 16 
-21 -6
6 3 
6 5 
4 6 
12 10 
4 11 
16 15 
9 16 
-21 -7
6 3 
6 5 
4 6 
10 9 
12 10 
4 11 
16 15 
-21 -8
6 3 
6 5 
4 6 
10 9 
12 10 
9 11 
14 13 
16 15 
-21 -9
6 5 
4 6 
10 9 
12 10 
9 11 
14 13 
-21 -10
2 3 
10 9 
12 10 
9 11 
1 12 
14 13 
-21 -11
2 3 
10 9 
12 10 
9 11 
14 13 
-21 -12
14 13 
-21 -13
14 13 
-21 -14
14 13 
-21 -15
14 13 
-21 -16
14 13 
-21 -17
10 11 
-22 -1
10 11 
-22 -2
10 11 
15 16 
-22 -3
5 6 
10 11 
15 16 
-22 -4
5 6 
10 11 
15 16 
-22 -5
13 0 
6 4 
5 6 
10 11 
8 12 
15 16 
-22 -6
6 4 
5 6 
8 12 
18 15 
15 16 
4 19 
-22 -7
6 3 
6 4 
5 6 
8 12 
18 15 
15 16 
16 17 
4 19 
-22 -8
19 3 
6 4 
5 6 
8 12 
18 15 
15 16 
16 17 
4 19 
-22 -9
4 2 
6 4 
5 6 
8 12 
18 15 
15 16 
16 17 
4 19 
-22 -10
7 0 
4 2 
6 4 
5 6 
8 12 
15 16 
16 17 
4 19 
-22 -11
7 0 
4 2 
6 4 
5 6 
8 12 
15 16 
16 17 
4 19 
-22 -12
7 0 
4 2 
6 4 
5 6 
8 12 
15 16 
16 17 
4 19 
-22 -13
4 2 
6 4 
5 6 
8 12 
15 16 
16 17 
4 19 
-22 -14
4 2 
6 4 
5 6 
8 12 
15 16 
16 17 
4 19 
-22 -15
4 2 
6 4 
5 6 
8 12 
2 15 
15 16 
16 17 
4 19 
-22 -16
-23 -1
15 4 
4 6 
10 11 
6 13 
-23 -2
15 4 
15 5 
4 6 
6 8 
6 9 
10 11 
11 12 
6 13 
16 15 
-23 -3
15 4 
15 5 
4 6 
6 8 
6 9 
10 11 
11 12 
6 13 
16 15 
-23 -4
15 4 
15 5 
4 6 
6 8 
10 11 
11 12 
6 13 
16 15 
-23 -5
15 4 
15 5 
4 6 
6 8 
10 11 
11 12 
6 13 
16 15 
17 16 
-23 -6
15 4 
4 5 
4 6 
6 8 
10 9 
10 11 
11 12 
6 13 
16 15 
17 16 
-23 -7
15 4 
6 5 
4 6 
6 8 
10 9 
10 11 
11 12 
6 13 
16 15 
17 16 
-23 -8
14 3 
6 5 
4 6 
6 8 
10 9 
10 11 
11 12 
6 13 
16 15 
17 16 
-23 -9
6 5 
4 6 
6 8 
10 9 
10 11 
11 12 
6 13 
13 14 
16 15 
17 16 
-23 -10
6 5 
4 6 
6 8 
10 9 
10 11 
11 12 
6 13 
13 14 
-23 -11
12 4 
6 5 
4 6 
6 7 
6 8 
6 13 
13 14 
-23 -12
7 2 
7 3 
12 4 
4 6 
6 7 
6 8 
6 13 
13 14 
-23 -13
7 2 
7 3 
6 7 
6 8 
6 13 
13 14 
-23 -14
16 6 
11 10 
8 11 
-24 -1
10 1 
16 6 
11 10 
8 11 
14 12 
15 14 
13 15 
-24 -2
10 1 
6 5 
16 6 
16 9 
11 10 
8 11 
14 12 
15 14 
13 15 
-24 -3
10 1 
5 4 
6 5 
16 9 
11 10 
8 11 
14 12 
15 14 
13 15 
0 17 
-24 -4
10 1 
5 4 
6 5 
16 9 
11 10 
8 11 
14 12 
15 14 
13 15 
-24 -5
10 1 
18 2 
5 4 
6 5 
7 8 
16 9 
11 10 
8 11 
14 12 
15 14 
13 15 
15 17 
-24 -6
10 1 
18 2 
4 3 
5 4 
6 5 
7 8 
16 9 
11 10 
8 11 
14 12 
5 13 
15 14 
13 15 
-24 -7
2 0 
3 1 
18 2 
4 3 
5 4 
6 5 
7 8 
16 9 
11 10 
8 11 
14 12 
5 13 
15 14 
13 15 
15 17 
-24 -8
3 1 
18 2 
4 3 
5 4 
6 5 
2 6 
7 8 
11 9 
11 10 
8 11 
11 12 
14 12 
5 13 
15 14 
13 15 
15 17 
-24 -9
18 2 
4 3 
5 4 
6 5 
2 6 
7 8 
11 9 
11 10 
8 11 
11 12 
5 13 
15 14 
13 15 
12 19 
-24 -10
18 2 
4 3 
5 4 
6 5 
2 6 
7 8 
11 9 
11 10 
8 11 
11 12 
5 13 
15 14 
13 15 
-24 -11
4 3 
5 4 
6 5 
2 6 
7 8 
11 9 
11 10 
8 11 
11 12 
5 13 
12 14 
13 15 
-24 -12
4 3 
5 4 
6 5 
2 6 
7 8 
11 9 
11 10 
8 11 
11 12 
12 14 
-24 -13
4 3 
5 4 
6 5 
2 6 
7 8 
12 9 
11 10 
8 11 
11 12 
12 14 
-24 -14
5 4 
6 5 
2 6 
7 8 
11 10 
8 11 
11 12 
14 13 
12 14 
-24 -15
-25 -1
10 4 
10 6 
15 8 
13 12 
-25 -2
12 2 
10 4 
10 6 
15 8 
13 12 
15 17 
-25 -3
10 6 
15 8 
8 9 
13 12 
-25 -4
15 8 
13 12 
-25 -5
8 2 
15 8 
13 12 
11 13 
16 17 
-25 -6
15 8 
13 12 
11 13 
16 15 
16 17 
-25 -7
15 8 
13 12 
11 13 
16 15 
16 17 
17 18 
-25 -8
15 8 
13 12 
11 13 
16 15 
16 17 
-25 -9
3 4 
8 6 
15 8 
15 9 
13 12 
11 13 
11 14 
16 15 
9 18 
-25 -10
3 4 
15 8 
15 9 
13 12 
11 14 
16 15 
8 19 
-25 -11
11 10 
16 14 
7 16 
-26 -1
11 10 
16 15 
7 16 
15 17 
-26 -2
3 4 
6 5 
11 10 
16 15 
7 16 
15 17 
-26 -3
16 1 
3 4 
6 5 
11 9 
11 10 
16 15 
7 16 
15 17 
-26 -4
16 1 
3 4 
6 5 
11 9 
11 10 
16 15 
7 16 
15 17 
-26 -5
3 4 
6 5 
11 9 
11 10 
16 15 
7 16 
15 17 
-26 -6
3 4 
11 9 
11 10 
14 13 
16 15 
7 16 
15 17 
-26 -7
3 4 
11 9 
11 10 
12 11 
14 13 
11 14 
16 15 
15 17 
-26 -8
3 4 
11 9 
11 10 
12 11 
14 13 
11 14 
16 15 
15 17 
-26 -9
14 2 
9 7 
11 9 
11 10 
14 13 
11 14 
16 15 
15 17 
-26 -10
13 7 
11 9 
11 10 
14 13 
11 14 
16 15 
15 17 
-26 -11
-27 -1
10 4 
10 6 
15 8 
13 12 
-27 -2
12 2 
10 4 
10 6 
15 8 
13 12 
15 17 
-27 -3
10 6 
15 8 
8 9 
13 12 
-27 -4
15 8 
13 12 
-27 -5
8 2 
15 8 
13 12 
11 13 
16 17 
-27 -6
15 8 
13 12 
11 13 
16 15 
16 17 
-27 -7
15 8 
13 12 
11 13 
16 15 
16 17 
17 18 
-27 -8
15 8 
13 12 
11 13 
16 15 
16 17 
-27 -9
3 4 
8 6 
15 8 
15 9 
13 12 
11 13 
11 14 
16 15 
9 18 
-27 -10
3 4 
15 8 
15 9 
13 12 
11 14 
16 15 
8 19 
-27 -11
10 11 
-28 -1
10 11 
-28 -2
10 11 
15 16 
-28 -3
5 6 
10 11 
15 16 
-28 -4
5 6 
10 11 
15 16 
-28 -5
13 0 
6 4 
5 6 
10 11 
8 12 
15 16 
-28 -6
6 4 
5 6 
8 12 
18 15 
15 16 
4 19 
-28 -7
6 3 
6 4 
5 6 
8 12 
18 15 
15 16 
16 17 
4 19 
-28 -8
19 3 
6 4 
5 6 
8 12 
18 15 
15 16 
16 17 
4 19 
-28 -9
4 2 
6 4 
5 6 
8 12 
18 15 
15 16 
16 17 
4 19 
-28 -10
7 0 
4 2 
6 4 
5 6 
8 12 
15 16 
16 17 
4 19 
-28 -11
7 0 
4 2 
6 4 
5 6 
8 12 
15 16 
16 17 
4 19 
-28 -12
7 0 
4 2 
6 4 
5 6 
8 12 
15 16 
16 17 
4 19 
-28 -13
4 2 
6 4 
5 6 
8 12 
15 16 
16 17 
4 19 
-28 -14
4 2 
6 4 
5 6 
8 12 
15 16 
16 17 
4 19 
-28 -15
4 2 
6 4 
5 6 
8 12 
2 15 
15 16 
16 17 
4 19 
-28 -16
8 3 
-29 -1
8 3 
18 4 
10 9 
17 19 
-29 -2
8 3 
18 4 
10 9 
11 10 
4 11 
19 16 
17 19 
-29 -3
8 3 
18 4 
4 6 
10 9 
4 11 
16 15 
18 17 
17 19 
-29 -4
8 3 
4 6 
14 7 
10 9 
4 11 
16 15 
17 19 
-29 -5
4 6 
12 10 
4 11 
16 15 
9 16 
-29 -6
6 3 
6 5 
4 6 
12 10 
4 11 
16 15 
9 16 
-29 -7
6 3 
6 5 
4 6 
10 9 
12 10 
4 11 
16 15 
-29 -8
6 3 
6 5 
4 6 
10 9 
12 10 
9 11 
14 13 
16 15 
-29 -9
6 5 
4 6 
10 9 
12 10 
9 11 
14 13 
-29 -10
2 3 
10 9 
12 10 
9 11 
1 12 
14 13 
-29 -11
2 3 
10 9 
12 10 
9 11 
14 13 
-29 -12
14 13 
-29 -13
14 13 
-29 -14
14 13 
-29 -15
14 13 
-29 -16
14 13 
-29 -17
11 10 
16 14 
7 16 
-2 -1
11 10 
16 15 
7 16 
15 17 
-2 -2
3 4 
6 5 
11 10 
16 15 
7 16 
15 17 
-2 -3
16 1 
3 4 
6 5 
11 9 
11 10 
16 15 
7 16 
15 17 
-2 -4
16 1 
3 4 
6 5 
11 9 
11 10 
16 15 
7 16 
15 17 
-2 -5
3 4 
6 5 
11 9 
11 10 
16 15 
7 16 
15 17 
-2 -6
3 4 
11 9 
11 10 
14 13 
16 15 
7 16 
15 17 
-2 -7
3 4 
11 9 
11 10 
12 11 
14 13 
11 14 
16 15 
15 17 
-2 -8
3 4 
11 9 
11 10 
12 11 
14 13 
11 14 
16 15 
15 17 
-2 -9
14 2 
9 7 
11 9 
11 10 
14 13 
11 14 
16 15 
15 17 
-2 -10
13 7 
11 9 
11 10 
14 13 
11 14 
16 15 
15 17 
-2 -11
16 6 
11 10 
8 11 
-30 -1
10 1 
16 6 
11 10 
8 11 
14 12 
15 14 
13 15 
-30 -2
10 1 
6 5 
16 6 
16 9 
11 10 
8 11 
14 12 
15 14 
13 15 
-30 -3
10 1 
5 4 
6 5 
16 9 
11 10 
8 11 
14 12 
15 14 
13 15 
0 17 
-30 -4
10 1 
5 4 
6 5 
16 9 
11 10 
8 11 
14 12 
15 14 
13 15 
-30 -5
10 1 
18 2 
5 4 
6 5 
7 8 
16 9 
11 10 
8 11 
14 12 
15 14 
13 15 
15 17 
-30 -6
10 1 
18 2 
4 3 
5 4 
6 5 
7 8 
16 9 
11 10 
8 11 
14 12 
5 13 
15 14 
13 15 
-30 -7
2 0 
3 1 
18 2 
4 3 
5 4 
6 5 
7 8 
16 9 
11 10 
8 11 
14 12 
5 13 
15 14 
13 15 
15 17 
-30 -8
3 1 
18 2 
4 3 
5 4 
6 5 
2 6 
7 8 
11 9 
11 10 
8 11 
11 12 
14 12 
5 13 
15 14 
13 15 
15 17 
-30 -9
18 2 
4 3 
5 4 
6 5 
2 6 
7 8 
11 9 
11 10 
8 11 
11 12 
5 13 
15 14 
13 15 
12 19 
-30 -10
18 2 
4 3 
5 4 
6 5 
2 6 
7 8 
11 9 
11 10 
8 11 
11 12 
5 13 
15 14 
13 15 
-30 -11
4 3 
5 4 
6 5 
2 6 
7 8 
11 9 
11 10 
8 11 
11 12 
5 13 
12 14 
13 15 
-30 -12
4 3 
5 4 
6 5 
2 6 
7 8 
11 9 
11 10 
8 11 
11 12 
12 14 
-30 -13
4 3 
5 4 
6 5 
2 6 
7 8 
12 9 
11 10 
8 11 
11 12 
12 14 
-30 -14
5 4 
6 5 
2 6 
7 8 
11 10 
8 11 
11 12 
14 13 
12 14 
-30 -15
-31 -1
15 4 
4 6 
10 11 
6 13 
-31 -2
15 4 
15 5 
4 6 
6 8 
6 9 
10 11 
11 12 
6 13 
16 15 
-31 -3
15 4 
15 5 
4 6 
6 8 
6 9 
10 11 
11 12 
6 13 
16 15 
-31 -4
15 4 
15 5 
4 6 
6 8 
10 11 
11 12 
6 13 
16 15 
-31 -5
15 4 
15 5 
4 6 
6 8 
10 11 
11 12 
6 13 
16 15 
17 16 
-31 -6
15 4 
4 5 
4 6 
6 8 
10 9 
10 11 
11 12 
6 13 
16 15 
17 16 
-31 -7
15 4 
6 5 
4 6 
6 8 
10 9 
10 11 
11 12 
6 13 
16 15 
17 16 
-31 -8
14 3 
6 5 
4 6 
6 8 
10 9 
10 11 
11 12 
6 13 
16 15 
17 16 
-31 -9
6 5 
4 6 
6 8 
10 9 
10 11 
11 12 
6 13 
13 14 
16 15 
17 16 
-31 -10
6 5 
4 6 
6 8 
10 9 
10 11 
11 12 
6 13 
13 14 
-31 -11
12 4 
6 5 
4 6 
6 7 
6 8 
6 13 
13 14 
-31 -12
7 2 
7 3 
12 4 
4 6 
6 7 
6 8 
6 13 
13 14 
-31 -13
7 2 
7 3 
6 7 
6 8 
6 13 
13 14 
-31 -14
-32 -1
10 4 
10 6 
15 8 
13 12 
-32 -2
12 2 
10 4 
10 6 
15 8 
13 12 
15 17 
-32 -3
10 6 
15 8 
8 9 
13 12 
-32 -4
15 8 
13 12 
-32 -5
8 2 
15 8 
13 12 
11 13 
16 17 
-32 -6
15 8 
13 12 
11 13 
16 15 
16 17 
-32 -7
15 8 
13 12 
11 13 
16 15 
16 17 
17 18 
-32 -8
15 8 
13 12 
11 13 
16 15 
16 17 
-32 -9
3 4 
8 6 
15 8 
15 9 
13 12 
11 13 
11 14 
16 15 
9 18 
-32 -10
3 4 
15 8 
15 9 
13 12 
11 14 
16 15 
8 19 
-32 -11
-33 -1
10 4 
10 6 
15 8 
13 12 
-33 -2
12 2 
10 4 
10 6 
15 8 
13 12 
15 17 
-33 -3
10 6 
15 8 
8 9 
13 12 
-33 -4
15 8 
13 12 
-33 -5
8 2 
15 8 
13 12 
11 13 
16 17 
-33 -6
15 8 
13 12 
11 13 
16 15 
16 17 
-33 -7
15 8 
13 12 
11 13 
16 15 
16 17 
17 18 
-33 -8
15 8 
13 12 
11 13 
16 15 
16 17 
-33 -9
3 4 
8 6 
15 8 
15 9 
13 12 
11 13 
11 14 
16 15 
9 18 
-33 -10
3 4 
15 8 
15 9 
13 12 
11 14 
16 15 
8 19 
-33 -11
8 3 
-34 -1
8 3 
18 4 
10 9 
17 19 
-34 -2
8 3 
18 4 
10 9 
11 10 
4 11 
19 16 
17 19 
-34 -3
8 3 
18 4 
4 6 
10 9 
4 11 
16 15 
18 17 
17 19 
-34 -4
8 3 
4 6 
14 7 
10 9 
4 11 
16 15 
17 19 
-34 -5
4 6 
12 10 
4 11 
16 15 
9 16 
-34 -6
6 3 
6 5 
4 6 
12 10 
4 11 
16 15 
9 16 
-34 -7
6 3 
6 5 
4 6 
10 9 
12 10 
4 11 
16 15 
-34 -8
6 3 
6 5 
4 6 
10 9 
12 10 
9 11 
14 13 
16 15 
-34 -9
6 5 
4 6 
10 9 
12 10 
9 11 
14 13 
-34 -10
2 3 
10 9 
12 10 
9 11 
1 12 
14 13 
-34 -11
2 3 
10 9 
12 10 
9 11 
14 13 
-34 -12
14 13 
-34 -13
14 13 
-34 -14
14 13 
-34 -15
14 13 
-34 -16
14 13 
-34 -17
10 11 
-35 -1
10 11 
-35 -2
10 11 
15 16 
-35 -3
5 6 
10 11 
15 16 
-35 -4
5 6 
10 11 
15 16 
-35 -5
13 0 
6 4 
5 6 
10 11 
8 12 
15 16 
-35 -6
6 4 
5 6 
8 12 
18 15 
15 16 
4 19 
-35 -7
6 3 
6 4 
5 6 
8 12 
18 15 
15 16 
16 17 
4 19 
-35 -8
19 3 
6 4 
5 6 
8 12 
18 15 
15 16 
16 17 
4 19 
-35 -9
4 2 
6 4 
5 6 
8 12 
18 15 
15 16 
16 17 
4 19 
-35 -10
7 0 
4 2 
6 4 
5 6 
8 12 
15 16 
16 17 
4 19 
-35 -11
7 0 
4 2 
6 4 
5 6 
8 12 
15 16 
16 17 
4 19 
-35 -12
7 0 
4 2 
6 4 
5 6 
8 12 
15 16 
16 17 
4 19 
-35 -13
4 2 
6 4 
5 6 
8 12 
15 16 
16 17 
4 19 
-35 -14
4 2 
6 4 
5 6 
8 12 
15 16 
16 17 
4 19 
-35 -15
4 2 
6 4 
5 6 
8 12 
2 15 
15 16 
16 17 
4 19 
-35 -16
-36 -1
15 4 
4 6 
10 11 
6 13 
-36 -2
15 4 
15 5 
4 6 
6 8 
6 9 
10 11 
11 12 
6 13 
16 15 
-36 -3
15 4 
15 5 
4 6 
6 8 
6 9 
10 11 
11 12 
6 13 
16 15 
-36 -4
15 4 
15 5 
4 6 
6 8 
10 11 
11 12 
6 13 
16 15 
-36 -5
15 4 
15 5 
4 6 
6 8 
10 11 
11 12 
6 13 
16 15 
17 16 
-36 -6
15 4 
4 5 
4 6 
6 8 
10 9 
10 11 
11 12 
6 13 
16 15 
17 16 
-36 -7
15 4 
6 5 
4 6 
6 8 
10 9 
10 11 
11 12 
6 13 
16 15 
17 16 
-36 -8
14 3 
6 5 
4 6 
6 8 
10 9 
10 11 
11 12 
6 13 
16 15 
17 16 
-36 -9
6 5 
4 6 
6 8 
10 9 
10 11 
11 12 
6 13 
13 14 
16 15 
17 16 
-36 -10
6 5 
4 6 
6 8 
10 9 
10 11 
11 12 
6 13 
13 14 
-36 -11
12 4 
6 5 
4 6 
6 7 
6 8 
6 13 
13 14 
-36 -12
7 2 
7 3 
12 4 
4 6 
6 7 
6 8 
6 13 
13 14 
-36 -13
7 2 
7 3 
6 7 
6 8 
6 13 
13 14 
-36 -14
-37 -1
10 4 
10 6 
15 8 
13 12 
-37 -2
12 2 
10 4 
10 6 
15 8 
13 12 
15 17 
-37 -3
10 6 
15 8 
8 9 
13 12 
-37 -4
15 8 
13 12 
-37 -5
8 2 
15 8 
13 12 
11 13 
16 17 
-37 -6
15 8 
13 12 
11 13 
16 15 
16 17 
-37 -7
15 8 
13 12 
11 13 
16 15 
16 17 
17 18 
-37 -8
15 8 
13 12 
11 13 
16 15 
16 17 
-37 -9
3 4 
8 6 
15 8 
15 9 
13 12 
11 13 
11 14 
16 15 
9 18 
-37 -10
3 4 
15 8 
15 9 
13 12 
11 14 
16 15 
8 19 
-37 -11
16 6 
11 10 
8 11 
-38 -1
10 1 
16 6 
11 10 
8 11 
14 12 
15 14 
13 15 
-38 -2
10 1 
6 5 
16 6 
16 9 
11 10 
8 11 
14 12 
15 14 
13 15 
-38 -3
10 1 
5 4 
6 5 
16 9 
11 10 
8 11 
14 12 
15 14 
13 15 
0 17 
-38 -4
10 1 
5 4 
6 5 
16 9 
11 10 
8 11 
14 12 
15 14 
13 15 
-38 -5
10 1 
18 2 
5 4 
6 5 
7 8 
16 9 
11 10 
8 11 
14 12 
15 14 
13 15 
15 17 
-38 -6
10 1 
18 2 
4 3 
5 4 
6 5 
7 8 
16 9 
11 10 
8 11 
14 12 
5 13 
15 14 
13 15 
-38 -7
2 0 
3 1 
18 2 
4 3 
5 4 
6 5 
7 8 
16 9 
11 10 
8 11 
14 12 
5 13 
15 14 
13 15 
15 17 
-38 -8
3 1 
18 2 
4 3 
5 4 
6 5 
2 6 
7 8 
11 9 
11 10 
8 11 
11 12 
14 12 
5 13 
15 14 
13 15 
15 17 
-38 -9
18 2 
4 3 
5 4 
6 5 
2 6 
7 8 
11 9 
11 10 
8 11 
11 12 
5 13 
15 14 
13 15 
12 19 
-38 -10
18 2 
4 3 
5 4 
6 5 
2 6 
7 8 
11 9 
11 10 
8 11 
11 12 
5 13 
15 14 
13 15 
-38 -11
4 3 
5 4 
6 5 
2 6 
7 8 
11 9 
11 10 
8 11 
11 12 
5 13 
12 14 
13 15 
-38 -12
4 3 
5 4 
6 5 
2 6 
7 8 
11 9 
11 10 
8 11 
11 12 
12 14 
-38 -13
4 3 
5 4 
6 5 
2 6 
7 8 
12 9 
11 10 
8 11 
11 12 
12 14 
-38 -14
5 4 
6 5 
2 6 
7 8 
11 10 
8 11 
11 12 
14 13 
12 14 
-38 -15
-39 -1
10 4 
10 6 
15 8 
13 12 
-39 -2
12 2 
10 4 
10 6 
15 8 
13 12 
15 17 
-39 -3
10 6 
15 8 
8 9 
13 12 
-39 -4
15 8 
13 12 
-39 -5
8 2 
15 8 
13 12 
11 13 
16 17 
-39 -6
15 8 
13 12 
11 13 
16 15 
16 17 
-39 -7
15 8 
13 12 
11 13 
16 15 
16 17 
17 18 
-39 -8
15 8 
13 12 
11 13 
16 15 
16 17 
-39 -9
3 4 
8 6 
15 8 
15 9 
13 12 
11 13 
11 14 
16 15 
9 18 
-39 -10
3 4 
15 8 
15 9 
13 12 
11 14 
16 15 
8 19 
-39 -11
11 10 
16 14 
7 16 
-3 -1
11 10 
16 15 
7 16 
15 17 
-3 -2
3 4 
6 5 
11 10 
16 15 
7 16 
15 17 
-3 -3
16 1 
3 4 
6 5 
11 9 
11 10 
16 15 
7 16 
15 17 
-3 -4
16 1 
3 4 
6 5 
11 9 
11 10 
16 15 
7 16 
15 17 
-3 -5
3 4 
6 5 
11 9 
11 10 
16 15 
7 16 
15 17 
-3 -6
3 4 
11 9 
11 10 
14 13 
16 15 
7 16 
15 17 
-3 -7
3 4 
11 9 
11 10 
12 11 
14 13 
11 14 
16 15 
15 17 
-3 -8
3 4 
11 9 
11 10 
12 11 
14 13 
11 14 
16 15 
15 17 
-3 -9
14 2 
9 7 
11 9 
11 10 
14 13 
11 14 
16 15 
15 17 
-3 -10
13 7 
11 9 
11 10 
14 13 
11 14 
16 15 
15 17 
-3 -11
-40 -1
15 4 
4 6 
10 11 
6 13 
-40 -2
15 4 
15 5 
4 6 
6 8 
6 9 
10 11 
11 12 
6 13 
16 15 
-40 -3
15 4 
15 5 
4 6 
6 8 
6 9 
10 11 
11 12 
6 13 
16 15 
-40 -4
15 4 
15 5 
4 6 
6 8 
10 11 
11 12 
6 13 
16 15 
-40 -5
15 4 
15 5 
4 6 
6 8 
10 11 
11 12 
6 13 
16 15 
17 16 
-40 -6
15 4 
4 5 
4 6 
6 8 
10 9 
10 11 
11 12 
6 13 
16 15 
17 16 
-40 -7
15 4 
6 5 
4 6 
6 8 
10 9 
10 11 
11 12 
6 13 
16 15 
17 16 
-40 -8
14 3 
6 5 
4 6 
6 8 
10 9 
10 11 
11 12 
6 13 
16 15 
17 16 
-40 -9
6 5 
4 6 
6 8 
10 9 
10 11 
11 12 
6 13 
13 14 
16 15 
17 16 
-40 -10
6 5 
4 6 
6 8 
10 9 
10 11 
11 12 
6 13 
13 14 
-40 -11
12 4 
6 5 
4 6 
6 7 
6 8 
6 13 
13 14 
-40 -12
7 2 
7 3 
12 4 
4 6 
6 7 
6 8 
6 13 
13 14 
-40 -13
7 2 
7 3 
6 7 
6 8 
6 13 
13 14 
-40 -14
10 11 
-41 -1
10 11 
-41 -2
10 11 
15 16 
-41 -3
5 6 
10 11 
15 16 
-41 -4
5 6 
10 11 
15 16 
-41 -5
13 0 
6 4 
5 6 
10 11 
8 12 
15 16 
-41 -6
6 4 
5 6 
8 12 
18 15 
15 16 
4 19 
-41 -7
6 3 
6 4 
5 6 
8 12 
18 15 
15 16 
16 17 
4 19 
-41 -8
19 3 
6 4 
5 6 
8 12 
18 15 
15 16 
16 17 
4 19 
-41 -9
4 2 
6 4 
5 6 
8 12 
18 15 
15 16 
16 17 
4 19 
-41 -10
7 0 
4 2 
6 4 
5 6 
8 12 
15 16 
16 17 
4 19 
-41 -11
7 0 
4 2 
6 4 
5 6 
8 12 
15 16 
16 17 
4 19 
-41 -12
7 0 
4 2 
6 4 
5 6 
8 12 
15 16 
16 17 
4 19 
-41 -13
4 2 
6 4 
5 6 
8 12 
15 16 
16 17 
4 19 
-41 -14
4 2 
6 4 
5 6 
8 12 
15 16 
16 17 
4 19 
-41 -15
4 2 
6 4 
5 6 
8 12 
2 15 
15 16 
16 17 
4 19 
-41 -16
8 3 
-42 -1
8 3 
18 4 
10 9 
17 19 
-42 -2
8 3 
18 4 
10 9 
11 10 
4 11 
19 16 
17 19 
-42 -3
8 3 
18 4 
4 6 
10 9 
4 11 
16 15 
18 17 
17 19 
-42 -4
8 3 
4 6 
14 7 
10 9 
4 11 
16 15 
17 19 
-42 -5
4 6 
12 10 
4 11 
16 15 
9 16 
-42 -6
6 3 
6 5 
4 6 
12 10 
4 11 
16 15 
9 16 
-42 -7
6 3 
6 5 
4 6 
10 9 
12 10 
4 11 
16 15 
-42 -8
6 3 
6 5 
4 6 
10 9 
12 10 
9 11 
14 13 
16 15 
-42 -9
6 5 
4 6 
10 9 
12 10 
9 11 
14 13 
-42 -10
2 3 
10 9 
12 10 
9 11 
1 12 
14 13 
-42 -11
2 3 
10 9 
12 10 
9 11 
14 13 
-42 -12
14 13 
-42 -13
14 13 
-42 -14
14 13 
-42 -15
14 13 
-42 -16
14 13 
-42 -17
16 6 
11 10 
8 11 
-43 -1
10 1 
16 6 
11 10 
8 11 
14 12 
15 14 
13 15 
-43 -2
10 1 
6 5 
16 6 
16 9 
11 10 
8 11 
14 12 
15 14 
13 15 
-43 -3
10 1 
5 4 
6 5 
16 9 
11 10 
8 11 
14 12 
15 14 
13 15 
0 17 
-43 -4
10 1 
5 4 
6 5 
16 9 
11 10 
8 11 
14 12 
15 14 
13 15 
-43 -5
10 1 
18 2 
5 4 
6 5 
7 8 
16 9 
11 10 
8 11 
14 12 
15 14 
13 15 
15 17 
-43 -6
10 1 
18 2 
4 3 
5 4 
6 5 
7 8 
16 9 
11 10 
8 11 
14 12 
5 13 
15 14 
13 15 
-43 -7
2 0 
3 1 
18 2 
4 3 
5 4 
6 5 
7 8 
16 9 
11 10 
8 11 
14 12 
5 13 
15 14 
13 15 
15 17 
-43 -8
3 1 
18 2 
4 3 
5 4 
6 5 
2 6 
7 8 
11 9 
11 10 
8 11 
11 12 
14 12 
5 13 
15 14 
13 15 
15 17 
-43 -9
18 2 
4 3 
5 4 
6 5 
2 6 
7 8 
11 9 
11 10 
8 11 
11 12 
5 13 
15 14 
13 15 
12 19 
-43 -10
18 2 
4 3 
5 4 
6 5 
2 6 
7 8 
11 9 
11 10 
8 11 
11 12 
5 13 
15 14 
13 15 
-43 -11
4 3 
5 4 
6 5 
2 6 
7 8 
11 9 
11 10 
8 11 
11 12 
5 13 
12 14 
13 15 
-43 -12
4 3 
5 4 
6 5 
2 6 
7 8 
11 9 
11 10 
8 11 
11 12 
12 14 
-43 -13
4 3 
5 4 
6 5 
2 6 
7 8 
12 9 
11 10 
8 11 
11 12 
12 14 
-43 -14
5 4 
6 5 
2 6 
7 8 
11 10 
8 11 
11 12 
14 13 
12 14 
-43 -15
8 3 
-44 -1
8 3 
18 4 
10 9 
17 19 
-44 -2
8 3 
18 4 
10 9 
11 10 
4 11 
19 16 
17 19 
-44 -3
8 3 
18 4 
4 6 
10 9 
4 11 
16 15 
18 17 
17 19 
-44 -4
8 3 
4 6 
14 7 
10 9 
4 11 
16 15 
17 19 
-44 -5
4 6 
12 10 
4 11 
16 15 
9 16 
-44 -6
6 3 
6 5 
4 6 
12 10 
4 11 
16 15 
9 16 
-44 -7
6 3 
6 5 
4 6 
10 9 
12 10 
4 11 
16 15 
-44 -8
6 3 
6 5 
4 6 
10 9 
12 10 
9 11 
14 13 
16 15 
-44 -9
6 5 
4 6 
10 9 
12 10 
9 11 
14 13 
-44 -10
2 3 
10 9 
12 10 
9 11 
1 12 
14 13 
-44 -11
2 3 
10 9 
12 10 
9 11 
14 13 
-44 -12
14 13 
-44 -13
14 13 
-44 -14
14 13 
-44 -15
14 13 
-44 -16
14 13 
-44 -17
-45 -1
15 4 
4 6 
10 11 
6 13 
-45 -2
15 4 
15 5 
4 6 
6 8 
6 9 
10 11 
11 12 
6 13 
16 15 
-45 -3
15 4 
15 5 
4 6 
6 8 
6 9 
10 11 
11 12 
6 13 
16 15 
-45 -4
15 4 
15 5 
4 6 
6 8 
10 11 
11 12 
6 13 
16 15 
-45 -5
15 4 
15 5 
4 6 
6 8 
10 11 
11 12 
6 13 
16 15 
17 16 
-45 -6
15 4 
4 5 
4 6 
6 8 
10 9 
10 11 
11 12 
6 13 
16 15 
17 16 
-45 -7
15 4 
6 5 
4 6 
6 8 
10 9 
10 11 
11 12 
6 13 
16 15 
17 16 
-45 -8
14 3 
6 5 
4 6 
6 8 
10 9 
10 11 
11 12 
6 13 
16 15 
17 16 
-45 -9
6 5 
4 6 
6 8 
10 9 
10 11 
11 12 
6 13 
13 14 
16 15 
17 16 
-45 -10
6 5 
4 6 
6 8 
10 9 
10 11 
11 12 
6 13 
13 14 
-45 -11
12 4 
6 5 
4 6 
6 7 
6 8 
6 13 
13 14 
-45 -12
7 2 
7 3 
12 4 
4 6 
6 7 
6 8 
6 13 
13 14 
-45 -13
7 2 
7 3 
6 7 
6 8 
6 13 
13 14 
-45 -14
-46 -1
10 4 
10 6 
15 8 
13 12 
-46 -2
12 2 
10 4 
10 6 
15 8 
13 12 
15 17 
-46 -3
10 6 
15 8 
8 9 
13 12 
-46 -4
15 8 
13 12 
-46 -5
8 2 
15 8 
13 12 
11 13 
16 17 
-46 -6
15 8 
13 12 
11 13 
16 15 
16 17 
-46 -7
15 8 
13 12 
11 13 
16 15 
16 17 
17 18 
-46 -8
15 8 
13 12 
11 13 
16 15 
16 17 
-46 -9
3 4 
8 6 
15 8 
15 9 
13 12 
11 13 
11 14 
16 15 
9 18 
-46 -10
3 4 
15 8 
15 9 
13 12 
11 14 
16 15 
8 19 
-46 -11
8 3 
-47 -1
8 3 
18 4 
10 9 
17 19 
-47 -2
8 3 
18 4 
10 9 
11 10 
4 11 
19 16 
17 19 
-47 -3
8 3 
18 4 
4 6 
10 9 
4 11 
16 15 
18 17 
17 19 
-47 -4
8 3 
4 6 
14 7 
10 9 
4 11 
16 15 
17 19 
-47 -5
4 6 
12 10 
4 11 
16 15 
9 16 
-47 -6
6 3 
6 5 
4 6 
12 10 
4 11 
16 15 
9 16 
-47 -7
6 3 
6 5 
4 6 
10 9 
12 10 
4 11 
16 15 
-47 -8
6 3 
6 5 
4 6 
10 9 
12 10 
9 11 
14 13 
16 15 
-47 -9
6 5 
4 6 
10 9 
12 10 
9 11 
14 13 
-47 -10
2 3 
10 9 
12 10 
9 11 
1 12 
14 13 
-47 -11
2 3 
10 9 
12 10 
9 11 
14 13 
-47 -12
14 13 
-47 -13
14 13 
-47 -14
14 13 
-47 -15
14 13 
-47 -16
14 13 
-47 -17
19 16 
-48 -1
12 10 
19 16 
-48 -2
12 10 
10 11 
1 12 
19 16 
-48 -3
3 1 
4 5 
11 9 
10 11 
1 12 
19 16 
4 18 
-48 -4
3 1 
4 5 
10 11 
1 12 
19 16 
4 18 
-48 -5
3 1 
4 5 
12 10 
10 11 
1 12 
19 16 
4 18 
11 19 
-48 -6
3 1 
4 5 
4 6 
12 10 
10 11 
1 12 
19 15 
19 16 
4 18 
11 19 
-48 -7
3 1 
5 3 
4 5 
4 6 
6 8 
12 10 
10 11 
1 12 
19 16 
4 18 
-48 -8
3 1 
6 2 
5 3 
4 5 
4 6 
1 7 
6 8 
12 10 
10 11 
1 12 
11 14 
19 16 
4 18 
-48 -9
3 1 
6 2 
5 3 
4 5 
4 6 
1 7 
6 8 
12 10 
10 11 
1 12 
11 14 
19 16 
4 18 
-48 -10
3 1 
6 2 
5 3 
4 5 
4 6 
1 7 
6 8 
12 10 
10 11 
4 12 
11 14 
19 16 
4 18 
-48 -11
3 1 
6 2 
5 3 
4 5 
4 6 
1 7 
12 10 
10 11 
4 12 
11 14 
18 17 
4 18 
-48 -12
3 1 
6 2 
5 3 
4 5 
4 6 
1 7 
12 10 
10 11 
4 12 
11 14 
-48 -13
8 3 
-49 -1
8 3 
18 4 
10 9 
17 19 
-49 -2
8 3 
18 4 
10 9 
11 10 
4 11 
19 16 
17 19 
-49 -3
8 3 
18 4 
4 6 
10 9 
4 11 
16 15 
18 17 
17 19 
-49 -4
8 3 
4 6 
14 7 
10 9 
4 11 
16 15 
17 19 
-49 -5
4 6 
12 10 
4 11 
16 15 
9 16 
-49 -6
6 3 
6 5 
4 6 
12 10 
4 11 
16 15 
9 16 
-49 -7
6 3 
6 5 
4 6 
10 9 
12 10 
4 11 
16 15 
-49 -8
6 3 
6 5 
4 6 
10 9 
12 10 
9 11 
14 13 
16 15 
-49 -9
6 5 
4 6 
10 9 
12 10 
9 11 
14 13 
-49 -10
2 3 
10 9 
12 10 
9 11 
1 12 
14 13 
-49 -11
2 3 
10 9 
12 10 
9 11 
14 13 
-49 -12
14 13 
-49 -13
14 13 
-49 -14
14 13 
-49 -15
14 13 
-49 -16
14 13 
-49 -17
-4 -1
15 4 
4 6 
10 11 
6 13 
-4 -2
15 4 
15 5 
4 6 
6 8 
6 9 
10 11 
11 12 
6 13 
16 15 
-4 -3
15 4 
15 5 
4 6 
6 8 
6 9 
10 11 
11 12 
6 13 
16 15 
-4 -4
15 4 
15 5 
4 6 
6 8 
10 11 
11 12 
6 13 
16 15 
-4 -5
15 4 
15 5 
4 6 
6 8 
10 11 
11 12 
6 13 
16 15 
17 16 
-4 -6
15 4 
4 5 
4 6 
6 8 
10 9 
10 11 
11 12 
6 13 
16 15 
17 16 
-4 -7
15 4 
6 5 
4 6 
6 8 
10 9 
10 11 
11 12 
6 13 
16 15 
17 16 
-4 -8
14 3 
6 5 
4 6 
6 8 
10 9 
10 11 
11 12 
6 13 
16 15 
17 16 
-4 -9
6 5 
4 6 
6 8 
10 9 
10 11 
11 12 
6 13 
13 14 
16 15 
17 16 
-4 -10
6 5 
4 6 
6 8 
10 9 
10 11 
11 12 
6 13 
13 14 
-4 -11
12 4 
6 5 
4 6 
6 7 
6 8 
6 13 
13 14 
-4 -12
7 2 
7 3 
12 4 
4 6 
6 7 
6 8 
6 13 
13 14 
-4 -13
7 2 
7 3 
6 7 
6 8 
6 13 
13 14 
-4 -14
8 3 
-50 -1
8 3 
18 4 
10 9 
17 19 
-50 -2
8 3 
18 4 
10 9 
11 10 
4 11 
19 16 
17 19 
-50 -3
8 3 
18 4 
4 6 
10 9 
4 11 
16 15 
18 17 
17 19 
-50 -4
8 3 
4 6 
14 7 
10 9 
4 11 
16 15 
17 19 
-50 -5
4 6 
12 10 
4 11 
16 15 
9 16 
-50 -6
6 3 
6 5 
4 6 
12 10 
4 11 
16 15 
9 16 
-50 -7
6 3 
6 5 
4 6 
10 9 
12 10 
4 11 
16 15 
-50 -8
6 3 
6 5 
4 6 
10 9 
12 10 
9 11 
14 13 
16 15 
-50 -9
6 5 
4 6 
10 9 
12 10 
9 11 
14 13 
-50 -10
2 3 
10 9 
12 10 
9 11 
1 12 
14 13 
-50 -11
2 3 
10 9 
12 10 
9 11 
14 13 
-50 -12
14 13 
-50 -13
14 13 
-50 -14
14 13 
-50 -15
14 13 
-50 -16
14 13 
-50 -17
-5 -1
10 4 
10 6 
15 8 
13 12 
-5 -2
12 2 
10 4 
10 6 
15 8 
13 12 
15 17 
-5 -3
10 6 
15 8 
8 9 
13 12 
-5 -4
15 8 
13 12 
-5 -5
8 2 
15 8 
13 12 
11 13 
16 17 
-5 -6
15 8 
13 12 
11 13 
16 15 
16 17 
-5 -7
15 8 
13 12 
11 13 
16 15 
16 17 
17 18 
-5 -8
15 8 
13 12 
11 13 
16 15 
16 17 
-5 -9
3 4 
8 6 
15 8 
15 9 
13 12 
11 13 
11 14 
16 15 
9 18 
-5 -10
3 4 
15 8 
15 9 
13 12 
11 14 
16 15 
8 19 
-5 -11
11 10 
16 14 
7 16 
-6 -1
11 10 
16 15 
7 16 
15 17 
-6 -2
3 4 
6 5 
11 10 
16 15 
7 16 
15 17 
-6 -3
16 1 
3 4 
6 5 
11 9 
11 10 
16 15 
7 16 
15 17 
-6 -4
16 1 
3 4 
6 5 
11 9 
11 10 
16 15 
7 16 
15 17 
-6 -5
3 4 
6 5 
11 9 
11 10 
16 15 
7 16 
15 17 
-6 -6
3 4 
11 9 
11 10 
14 13 
16 15 
7 16 
15 17 
-6 -7
3 4 
11 9 
11 10 
12 11 
14 13 
11 14 
16 15 
15 17 
-6 -8
3 4 
11 9 
11 10 
12 11 
14 13 
11 14 
16 15 
15 17 
-6 -9
14 2 
9 7 
11 9 
11 10 
14 13 
11 14 
16 15 
15 17 
-6 -10
13 7 
11 9 
11 10 
14 13 
11 14 
16 15 
15 17 
-6 -11
-7 -1
10 4 
10 6 
15 8 
13 12 
-7 -2
12 2 
10 4 
10 6 
15 8 
13 12 
15 17 
-7 -3
10 6 
15 8 
8 9 
13 12 
-7 -4
15 8 
13 12 
-7 -5
8 2 
15 8 
13 12 
11 13 
16 17 
-7 -6
15 8 
13 12 
11 13 
16 15 
16 17 
-7 -7
15 8 
13 12 
11 13 
16 15 
16 17 
17 18 
-7 -8
15 8 
13 12 
11 13 
16 15 
16 17 
-7 -9
3 4 
8 6 
15 8 
15 9 
13 12 
11 13 
11 14 
16 15 
9 18 
-7 -10
3 4 
15 8 
15 9 
13 12 
11 14 
16 15 
8 19 
-7 -11
-8 -1
15 4 
4 6 
10 11 
6 13 
-8 -2
15 4 
15 5 
4 6 
6 8 
6 9 
10 11 
11 12 
6 13 
16 15 
-8 -3
15 4 
15 5 
4 6 
6 8 
6 9 
10 11 
11 12 
6 13 
16 15 
-8 -4
15 4 
15 5 
4 6 
6 8 
10 11 
11 12 
6 13 
16 15 
-8 -5
15 4 
15 5 
4 6 
6 8 
10 11 
11 12 
6 13 
16 15 
17 16 
-8 -6
15 4 
4 5 
4 6 
6 8 
10 9 
10 11 
11 12 
6 13 
16 15 
17 16 
-8 -7
15 4 
6 5 
4 6 
6 8 
10 9 
10 11 
11 12 
6 13 
16 15 
17 16 
-8 -8
14 3 
6 5 
4 6 
6 8 
10 9 
10 11 
11 12 
6 13 
16 15 
17 16 
-8 -9
6 5 
4 6 
6 8 
10 9 
10 11 
11 12 
6 13 
13 14 
16 15 
17 16 
-8 -10
6 5 
4 6 
6 8 
10 9 
10 11 
11 12 
6 13 
13 14 
-8 -11
12 4 
6 5 
4 6 
6 7 
6 8 
6 13 
13 14 
-8 -12
7 2 
7 3 
12 4 
4 6 
6 7 
6 8 
6 13 
13 14 
-8 -13
7 2 
7 3 
6 7 
6 8 
6 13 
13 14 
-8 -14
-9 -1
10 4 
10 6 
15 8 
13 12 
-9 -2
12 2 
10 4 
10 6 
15 8 
13 12 
15 17 
-9 -3
10 6 
15 8 
8 9 
13 12 
-9 -4
15 8 
13 12 
-9 -5
8 2 
15 8 
13 12 
11 13 
16 17 
-9 -6
15 8 
13 12 
11 13 
16 15 
16 17 
-9 -7
15 8 
13 12 
11 13 
16 15 
16 17 
17 18 
-9 -8
15 8 
13 12 
11 13 
16 15 
16 17 
-9 -9
3 4 
8 6 
15 8 
15 9 
13 12 
11 13 
11 14 
16 15 
9 18 
-9 -10
3 4 
15 8 
15 9 
13 12 
11 14 
16 15 
8 19 
-9 -11
