15 12 
15 13 
11 16 
13 18 
-10 -1
6 4 
15 12 
18 13 
17 16 
-10 -2
5 2 
6 4 
6 5 
12 10 
18 16 
-10 -3
5 2 
4 3 
6 4 
5 6 
10 11 
10 12 
15 17 
16 18 
-10 -4
5 2 
6 3 
6 5 
4 6 
15 8 
11 10 
12 11 
8 12 
15 16 
15 17 
16 18 
-10 -5
4 2 
6 4 
6 5 
3 6 
7 8 
12 10 
10 11 
8 12 
16 15 
18 16 
16 17 
-10 -6
4 2 
6 4 
5 6 
8 7 
12 8 
12 10 
10 11 
14 12 
10 13 
16 15 
16 17 
16 18 
-10 -7
4 2 
5 4 
6 5 
8 7 
13 8 
11 9 
12 10 
10 11 
12 13 
11 14 
16 15 
16 17 
16 18 
-10 -8
5 4 
6 5 
-11 -1
5 6 
11 10 
11 12 
16 14 
3 16 
17 18 
-11 -2
6 2 
5 4 
6 5 
12 10 
12 11 
17 15 
6 18 
-11 -3
6 2 
11 3 
5 4 
6 5 
18 6 
9 8 
12 10 
12 11 
16 14 
15 17 
-11 -4
5 4 
6 5 
2 6 
9 8 
12 10 
12 11 
13 12 
-11 -5
6 2 
4 3 
5 4 
5 6 
11 8 
8 9 
12 10 
11 12 
12 13 
16 14 
-11 -6
6 2 
5 3 
5 4 
6 5 
8 7 
11 8 
11 9 
12 10 
2 11 
11 12 
16 14 
18 16 
14 17 
-11 -7
11 2 
6 3 
5 4 
6 5 
2 6 
8 7 
12 8 
11 9 
12 10 
11 12 
16 18 
-11 -8
6 2 
6 4 
4 5 
11 6 
8 7 
14 8 
10 9 
12 10 
12 11 
8 12 
14 13 
18 16 
-11 -9
4 2 
5 4 
6 5 
12 6 
8 7 
12 8 
10 9 
14 10 
12 11 
10 12 
10 13 
-11 -10
6 4 
2 5 
-12 -1
5 3 
6 4 
2 5 
5 6 
17 15 
-12 -2
5 2 
5 3 
6 5 
4 6 
12 10 
17 15 
18 16 
-12 -3
5 3 
6 4 
2 5 
5 6 
12 10 
14 12 
17 15 
18 16 
-12 -4
5 2 
6 4 
3 5 
5 6 
14 9 
9 10 
19 11 
10 12 
18 16 
-12 -5
5 3 
6 4 
2 5 
5 6 
10 9 
10 12 
12 14 
16 15 
17 16 
16 18 
11 19 
-12 -6
5 2 
5 3 
4 5 
4 6 
7 8 
12 10 
14 12 
10 13 
15 16 
16 17 
15 19 
-12 -7
6 4 
2 5 
-13 -1
5 3 
6 4 
2 5 
5 6 
17 15 
-13 -2
5 2 
5 3 
6 5 
4 6 
12 10 
17 15 
18 16 
-13 -3
5 3 
6 4 
2 5 
5 6 
12 10 
14 12 
17 15 
18 16 
-13 -4
5 2 
6 4 
3 5 
5 6 
14 9 
9 10 
19 11 
10 12 
18 16 
-13 -5
5 3 
6 4 
2 5 
5 6 
10 9 
10 12 
12 14 
16 15 
17 16 
16 18 
11 19 
-13 -6
5 2 
5 3 
4 5 
4 6 
7 8 
12 10 
14 12 
10 13 
15 16 
16 17 
15 19 
-13 -7
3 4 
6 5 
15 17 
-14 -1
4 3 
18 4 
6 5 
4 6 
9 11 
17 15 
16 17 
16 18 
-14 -2
4 2 
6 3 
18 4 
6 5 
4 6 
11 9 
13 15 
17 16 
15 17 
16 18 
-14 -3
4 2 
6 3 
19 4 
6 5 
4 6 
12 10 
9 11 
13 15 
17 16 
15 17 
16 18 
-14 -4
6 2 
6 3 
6 4 
6 5 
4 8 
11 9 
11 10 
10 12 
15 13 
12 14 
16 15 
17 16 
16 18 
11 19 
-14 -5
8 4 
4 6 
12 9 
12 10 
10 11 
14 12 
19 13 
13 15 
15 16 
16 17 
16 18 
10 19 
-14 -6
12 8 
12 10 
10 11 
9 12 
15 13 
12 14 
16 15 
16 17 
16 18 
-14 -7
12 8 
12 9 
12 10 
12 11 
14 12 
15 13 
13 14 
16 15 
16 17 
16 18 
-14 -8
12 7 
12 8 
12 9 
11 10 
12 11 
14 12 
15 13 
13 14 
15 16 
15 17 
15 18 
-14 -9
15 4 
12 7 
15 8 
12 9 
8 10 
8 11 
8 12 
15 13 
12 14 
17 15 
17 16 
15 18 
-14 -10
2 5 
9 7 
11 9 
-15 -1
13 6 
9 7 
11 9 
11 10 
10 12 
19 17 
-15 -2
6 4 
8 6 
9 7 
11 8 
10 9 
11 10 
11 12 
12 13 
15 16 
16 17 
-15 -3
6 4 
3 5 
8 6 
10 8 
7 9 
9 10 
10 11 
10 12 
15 16 
16 17 
-15 -4
5 3 
4 5 
4 6 
9 7 
6 8 
8 9 
9 10 
10 11 
11 12 
17 16 
-15 -5
5 3 
5 4 
4 6 
9 7 
9 8 
12 9 
9 10 
10 11 
11 14 
17 16 
16 18 
-15 -6
17 2 
5 3 
4 5 
4 6 
5 7 
7 8 
7 9 
11 10 
13 11 
7 12 
7 13 
16 15 
18 16 
16 17 
6 18 
-15 -7
5 3 
5 4 
6 5 
2 6 
12 7 
7 8 
7 9 
16 15 
17 16 
18 17 
6 18 
-15 -8
6 2 
2 3 
5 4 
3 5 
9 7 
12 9 
-15 -9
9 11 
16 15 
-16 -1
11 9 
11 10 
18 16 
18 17 
12 19 
-16 -2
11 9 
11 10 
10 12 
18 17 
16 18 
-16 -3
11 9 
11 10 
10 12 
18 17 
16 18 
-16 -4
11 9 
11 10 
14 11 
10 12 
9 13 
19 15 
18 16 
16 17 
-16 -5
6 4 
12 6 
7 8 
11 9 
11 10 
14 11 
10 12 
9 13 
19 15 
16 17 
16 18 
18 19 
-16 -6
6 2 
4 6 
11 7 
7 8 
11 9 
11 10 
17 11 
10 12 
9 13 
11 14 
15 16 
16 17 
17 18 
18 19 
-16 -7
6 2 
6 4 
6 5 
8 7 
12 8 
11 10 
9 11 
11 12 
9 13 
16 15 
11 16 
16 17 
16 18 
15 19 
-16 -8
18 5 
12 10 
13 11 
15 14 
15 16 
15 17 
-17 -1
6 5 
16 6 
11 7 
11 13 
15 14 
15 16 
15 17 
17 18 
-17 -2
6 5 
16 6 
14 12 
11 13 
15 14 
15 16 
15 17 
17 18 
-17 -3
6 2 
5 6 
11 12 
16 15 
6 16 
15 17 
15 18 
-17 -4
6 2 
6 5 
11 10 
10 12 
18 14 
17 15 
6 16 
16 17 
16 18 
-17 -5
6 2 
2 3 
6 5 
17 6 
12 7 
12 10 
12 11 
18 14 
17 15 
18 16 
16 17 
-17 -6
6 2 
2 3 
8 4 
4 5 
5 6 
12 7 
7 8 
13 9 
10 11 
10 12 
18 14 
17 15 
16 17 
16 18 
-17 -7
6 2 
2 3 
6 5 
4 6 
12 7 
7 8 
12 9 
10 11 
10 12 
9 13 
8 14 
16 15 
18 16 
16 17 
16 19 
-17 -8
3 2 
6 4 
6 5 
2 6 
12 7 
7 8 
13 9 
11 10 
12 11 
13 12 
18 13 
13 14 
16 15 
18 16 
16 17 
-17 -9
6 2 
2 4 
2 5 
12 7 
12 8 
8 9 
8 10 
8 11 
2 12 
8 13 
8 14 
17 15 
17 16 
16 18 
14 19 
-17 -10
3 5 
5 6 
10 8 
7 9 
16 15 
-18 -1
6 3 
6 5 
9 7 
15 16 
-18 -2
16 2 
6 3 
6 5 
4 6 
9 7 
10 9 
16 18 
-18 -3
5 2 
6 3 
6 4 
9 5 
5 6 
9 7 
3 8 
9 10 
10 11 
17 15 
16 17 
-18 -4
5 2 
8 3 
6 4 
6 5 
3 6 
9 7 
10 9 
9 11 
11 12 
15 14 
16 15 
18 16 
15 17 
-18 -5
6 2 
6 4 
6 5 
3 6 
9 7 
3 8 
12 9 
9 10 
12 11 
8 12 
10 14 
16 15 
18 16 
15 17 
-18 -6
6 2 
8 3 
6 4 
6 5 
8 6 
9 7 
12 8 
10 9 
12 10 
11 12 
14 13 
10 14 
16 15 
18 16 
15 17 
-18 -7
4 2 
6 5 
4 6 
8 7 
14 8 
10 9 
12 10 
12 11 
14 12 
14 13 
15 16 
16 17 
16 18 
-18 -8
6 2 
6 4 
6 5 
14 6 
8 7 
10 9 
12 10 
12 11 
14 12 
14 13 
8 14 
15 16 
16 17 
15 18 
-18 -9
14 12 
5 15 
-19 -1
6 3 
3 4 
9 7 
18 16 
-19 -2
2 3 
3 4 
6 5 
4 6 
9 7 
18 9 
16 15 
18 16 
-19 -3
3 2 
6 4 
3 5 
5 6 
9 7 
13 9 
9 10 
10 11 
11 12 
18 13 
16 15 
18 16 
-19 -4
5 3 
6 5 
4 6 
9 7 
12 8 
10 9 
11 10 
11 12 
16 15 
13 18 
-19 -5
5 2 
5 3 
6 4 
5 6 
9 7 
12 8 
13 9 
9 10 
10 11 
11 12 
15 16 
16 18 
-19 -6
5 2 
5 3 
6 4 
6 5 
8 6 
13 7 
13 8 
7 9 
11 10 
12 11 
8 12 
15 16 
16 17 
-19 -7
6 2 
5 3 
5 4 
6 5 
8 6 
13 7 
12 8 
7 9 
11 10 
13 12 
16 15 
-19 -8
6 2 
5 3 
5 4 
2 5 
12 8 
13 12 
7 13 
-19 -9
12 9 
14 12 
-1 -1
6 4 
12 14 
17 15 
12 19 
-1 -2
4 6 
12 14 
16 18 
-1 -3
5 2 
6 4 
18 6 
12 14 
19 17 
16 18 
-1 -4
5 2 
14 3 
6 4 
3 5 
18 6 
14 18 
17 19 
-1 -5
5 2 
5 3 
4 6 
11 10 
3 14 
17 15 
18 16 
19 17 
-1 -6
5 2 
14 3 
6 4 
3 5 
11 9 
11 10 
15 16 
15 17 
16 18 
17 19 
-1 -7
5 2 
3 5 
15 7 
11 9 
12 10 
10 11 
3 14 
16 15 
16 17 
16 18 
17 19 
-1 -8
5 2 
3 5 
5 6 
11 9 
10 11 
10 12 
10 13 
3 14 
16 15 
18 16 
16 17 
17 19 
-1 -9
5 2 
5 3 
5 4 
6 5 
12 9 
11 10 
9 11 
16 15 
18 17 
16 18 
17 19 
-1 -10
5 2 
5 3 
5 4 
5 6 
8 7 
12 9 
16 15 
18 16 
18 17 
8 18 
-1 -11
8 2 
6 4 
3 9 
11 14 
15 17 
-20 -1
6 4 
9 7 
2 8 
15 17 
-20 -2
4 3 
6 4 
5 6 
9 7 
17 9 
17 15 
16 17 
-20 -3
4 3 
6 4 
6 5 
7 9 
12 10 
15 12 
16 15 
15 17 
-20 -4
4 3 
6 5 
4 6 
9 7 
11 12 
13 14 
17 15 
17 16 
-20 -5
4 3 
5 4 
6 5 
7 9 
13 14 
17 15 
17 16 
16 18 
-20 -6
4 3 
5 4 
6 5 
7 9 
14 13 
17 15 
17 16 
18 17 
-20 -7
6 5 
9 7 
2 9 
9 10 
14 13 
17 15 
18 16 
16 17 
14 18 
-20 -8
9 2 
6 5 
9 7 
14 13 
16 15 
16 17 
16 18 
-20 -9
4 6 
12 14 
-21 -1
5 2 
6 4 
15 17 
-21 -2
5 2 
6 4 
5 6 
15 17 
-21 -3
5 2 
2 3 
6 4 
5 6 
13 8 
11 9 
7 13 
15 17 
-21 -4
13 8 
-22 -1
17 4 
6 5 
16 10 
-22 -2
5 2 
17 4 
6 5 
16 10 
3 12 
16 18 
-22 -3
3 4 
2 5 
5 6 
10 9 
16 10 
9 11 
3 12 
4 17 
16 18 
-22 -4
5 2 
12 3 
3 4 
4 5 
5 6 
10 9 
12 10 
10 11 
12 13 
10 16 
16 18 
-22 -5
5 2 
3 4 
4 5 
5 6 
8 7 
10 9 
16 10 
10 11 
10 12 
12 13 
15 17 
16 18 
9 19 
-22 -6
5 2 
4 3 
5 4 
5 6 
8 7 
7 9 
12 10 
10 11 
8 12 
12 13 
11 14 
15 17 
16 18 
9 19 
-22 -7
6 4 
-23 -1
6 4 
11 9 
12 11 
10 12 
13 15 
18 17 
-23 -2
5 3 
4 6 
11 9 
11 10 
12 11 
15 13 
12 15 
-23 -3
5 3 
6 4 
11 9 
11 10 
12 11 
19 12 
19 13 
13 15 
18 16 
17 19 
-23 -4
18 2 
5 3 
6 4 
11 9 
11 10 
12 11 
19 12 
15 13 
19 17 
16 18 
-23 -5
18 2 
5 3 
4 6 
11 10 
12 11 
15 13 
18 16 
17 19 
-23 -6
5 2 
6 4 
3 5 
5 7 
12 9 
10 11 
5 12 
15 13 
5 14 
18 16 
15 17 
2 18 
17 19 
-23 -7
18 2 
5 3 
2 5 
5 7 
12 9 
5 12 
15 13 
17 15 
15 16 
19 17 
16 18 
-23 -8
5 2 
5 3 
5 7 
7 9 
9 12 
15 13 
17 15 
15 16 
19 17 
16 18 
-23 -9
3 2 
5 3 
3 7 
7 9 
7 12 
17 15 
15 16 
16 18 
17 19 
-23 -10
3 2 
9 3 
3 5 
3 7 
7 12 
16 15 
19 16 
16 17 
16 18 
-23 -11
7 3 
9 7 
12 9 
16 15 
19 16 
16 17 
16 18 
-23 -12
16 15 
18 16 
16 17 
16 19 
-23 -13
16 18 
-23 -14
18 16 
-23 -15
16 18 
-23 -16
16 18 
-23 -17
16 18 
-23 -18
16 18 
-23 -19
16 18 
-23 -20
18 16 
-23 -21
18 16 
-23 -22
-23 -23
-23 -24
-23 -25
-23 -26
-23 -27
-23 -28
-23 -29
-23 -30
-23 -31
12 10 
17 15 
8 18 
-24 -1
4 6 
11 9 
12 10 
8 13 
17 15 
-24 -2
5 3 
5 4 
4 6 
15 8 
11 9 
12 10 
11 14 
17 15 
16 18 
-24 -3
5 4 
3 5 
4 6 
11 9 
10 11 
10 12 
11 14 
17 16 
15 17 
16 18 
-24 -4
5 4 
3 5 
4 6 
6 8 
11 9 
11 10 
14 11 
10 12 
17 15 
16 17 
17 18 
-24 -5
13 2 
5 3 
5 4 
6 5 
9 8 
11 9 
11 10 
17 11 
10 12 
10 13 
10 14 
17 16 
15 17 
16 18 
-24 -6
10 7 
9 8 
11 9 
12 10 
17 11 
9 12 
18 13 
17 15 
17 16 
16 18 
-24 -7
8 9 
12 10 
9 11 
9 12 
17 15 
11 16 
16 17 
16 18 
-24 -8
6 4 
8 13 
12 14 
6 16 
18 19 
-25 -1
6 4 
16 6 
12 14 
15 17 
16 18 
-25 -2
15 2 
4 6 
12 14 
2 16 
15 17 
-25 -3
16 2 
16 3 
6 4 
4 5 
17 12 
17 14 
17 15 
2 17 
16 18 
-25 -4
17 2 
2 4 
4 5 
4 6 
16 12 
17 15 
2 16 
16 18 
-25 -5
18 2 
2 4 
4 5 
4 6 
7 9 
4 11 
5 13 
17 15 
17 16 
2 17 
-25 -6
4 2 
11 4 
4 5 
4 6 
9 7 
5 13 
17 15 
17 16 
2 17 
-25 -7
4 2 
5 4 
4 6 
9 7 
18 11 
5 13 
17 15 
17 16 
2 17 
16 18 
-25 -8
17 2 
2 4 
4 5 
4 6 
9 7 
16 15 
15 17 
16 18 
-25 -9
17 2 
2 4 
6 5 
4 6 
9 7 
11 9 
8 11 
9 12 
17 15 
15 16 
16 18 
-25 -10
17 2 
2 4 
4 5 
4 6 
9 7 
19 8 
11 9 
8 11 
8 12 
17 16 
15 17 
16 18 
-25 -11
4 2 
6 4 
6 5 
9 7 
6 8 
8 11 
4 14 
15 16 
15 17 
15 18 
-25 -12
6 2 
5 3 
2 4 
2 5 
19 6 
17 8 
4 14 
17 15 
-25 -13
6 15 
-26 -1
13 2 
6 4 
6 5 
5 10 
10 16 
-26 -2
6 5 
4 6 
11 12 
12 14 
-26 -3
4 3 
6 4 
6 5 
8 6 
12 10 
10 11 
12 14 
-26 -4
4 3 
6 4 
6 5 
3 7 
10 11 
10 12 
12 14 
-26 -5
6 4 
4 5 
3 7 
12 10 
10 11 
14 12 
13 15 
-26 -6
7 3 
4 5 
4 6 
12 10 
10 11 
15 13 
-26 -7
7 3 
6 4 
4 5 
2 6 
6 8 
15 13 
12 14 
-26 -8
6 2 
7 3 
5 4 
5 6 
13 7 
6 8 
14 12 
8 13 
15 16 
14 19 
-26 -9
7 3 
13 7 
13 8 
14 12 
12 13 
15 16 
15 17 
14 19 
-26 -10
4 3 
6 5 
16 6 
12 10 
10 14 
13 15 
18 16 
-27 -1
4 3 
12 4 
6 5 
4 6 
12 10 
12 13 
10 14 
13 15 
6 16 
-27 -2
4 3 
6 4 
5 6 
4 10 
10 12 
15 13 
16 15 
-27 -3
4 3 
6 5 
4 6 
18 7 
5 8 
9 11 
10 12 
15 13 
15 16 
-27 -4
15 2 
4 3 
6 5 
4 6 
5 8 
11 9 
10 11 
10 12 
15 13 
10 15 
15 16 
-27 -5
4 3 
13 12 
13 17 
17 18 
17 19 
-28 -1
3 4 
6 5 
8 7 
13 12 
-28 -2
3 4 
5 6 
12 10 
13 12 
-28 -3
6 3 
6 4 
6 5 
6 8 
10 12 
12 13 
-28 -4
6 3 
6 4 
6 5 
6 8 
5 9 
12 10 
10 11 
12 13 
-28 -5
6 3 
16 4 
6 5 
4 6 
12 7 
6 8 
5 9 
9 10 
10 11 
10 12 
16 18 
-28 -6
6 3 
6 4 
6 5 
12 7 
6 8 
7 9 
11 10 
12 11 
12 14 
18 16 
16 17 
-28 -7
6 3 
6 4 
6 5 
6 7 
6 8 
7 9 
11 10 
12 11 
7 12 
7 15 
17 16 
16 18 
-28 -8
5 2 
6 3 
6 4 
6 5 
12 8 
7 9 
9 10 
12 11 
7 12 
7 15 
18 16 
16 17 
-28 -9
7 2 
5 4 
2 5 
4 6 
15 7 
12 8 
12 9 
9 10 
8 11 
7 12 
13 14 
16 15 
18 16 
16 17 
-28 -10
5 2 
5 4 
5 6 
16 15 
16 17 
16 18 
-28 -11
14 9 
10 12 
-29 -1
6 5 
8 9 
12 10 
-29 -2
6 4 
5 6 
6 7 
8 9 
12 10 
15 14 
15 16 
-29 -3
6 4 
6 5 
4 7 
12 10 
13 12 
8 14 
16 15 
18 17 
-29 -4
5 2 
7 4 
6 5 
4 6 
8 9 
12 10 
10 11 
13 12 
8 14 
-29 -5
5 2 
7 4 
6 5 
4 6 
12 8 
11 9 
12 10 
10 11 
13 12 
8 14 
-29 -6
6 2 
6 3 
13 4 
6 5 
4 6 
4 7 
13 8 
12 10 
10 11 
13 12 
8 14 
17 15 
-29 -7
6 2 
6 3 
6 4 
6 5 
6 7 
14 8 
7 10 
12 11 
10 12 
12 13 
13 14 
16 15 
18 16 
15 17 
-29 -8
4 2 
5 4 
6 5 
12 8 
11 10 
7 11 
10 12 
14 13 
12 14 
17 15 
18 16 
16 17 
-29 -9
14 3 
4 6 
12 10 
-2 -1
14 3 
5 4 
4 6 
12 10 
14 13 
16 15 
4 17 
-2 -2
17 4 
4 5 
4 6 
3 13 
18 17 
-2 -3
6 4 
6 5 
12 8 
16 15 
-2 -4
12 4 
4 5 
5 6 
12 8 
12 10 
16 12 
16 15 
17 18 
-2 -5
6 2 
4 5 
5 6 
6 8 
12 10 
4 12 
12 16 
-2 -6
6 2 
5 4 
6 5 
13 6 
10 7 
5 8 
11 9 
12 10 
4 12 
-2 -7
6 2 
12 4 
4 5 
5 6 
10 7 
12 8 
11 9 
12 10 
8 11 
6 13 
-2 -8
6 2 
6 4 
4 5 
12 6 
2 8 
12 10 
11 12 
6 13 
18 16 
-2 -9
5 2 
13 4 
4 5 
4 6 
13 7 
2 8 
13 9 
5 10 
14 11 
4 12 
12 14 
15 16 
-2 -10
8 2 
5 4 
2 5 
4 6 
8 7 
13 9 
11 10 
2 11 
11 12 
15 13 
12 14 
7 15 
15 16 
2 17 
-2 -11
6 5 
-30 -1
5 6 
11 9 
12 11 
14 15 
-30 -2
5 3 
5 4 
6 5 
9 10 
9 11 
11 12 
15 14 
-30 -3
5 3 
5 4 
6 5 
10 9 
11 10 
12 11 
15 12 
-30 -4
5 3 
5 4 
6 5 
8 6 
10 9 
11 10 
12 11 
8 12 
12 15 
-30 -5
5 3 
5 4 
6 5 
8 6 
12 8 
10 9 
10 11 
11 12 
15 13 
12 15 
-30 -6
5 3 
5 4 
6 5 
8 6 
12 8 
10 9 
11 10 
11 12 
15 13 
2 14 
12 15 
-30 -7
14 2 
5 4 
3 5 
5 6 
12 8 
10 9 
11 10 
12 11 
12 13 
7 14 
12 15 
15 17 
3 19 
-30 -8
7 2 
6 3 
5 4 
6 5 
9 6 
14 7 
10 9 
12 10 
10 11 
8 12 
8 13 
12 15 
15 17 
-30 -9
5 4 
6 5 
3 6 
8 7 
6 9 
11 10 
12 11 
8 12 
8 13 
12 15 
18 16 
15 17 
15 19 
-30 -10
5 4 
6 5 
9 6 
14 7 
7 8 
7 10 
12 11 
14 12 
14 13 
15 17 
16 18 
-30 -11
5 4 
6 5 
9 6 
14 7 
10 8 
11 10 
12 11 
16 12 
12 13 
12 14 
19 15 
18 16 
15 17 
18 19 
-30 -12
5 6 
16 15 
18 16 
15 17 
-31 -1
6 4 
6 5 
8 6 
12 14 
16 15 
15 17 
16 18 
-31 -2
16 3 
6 5 
4 6 
6 8 
12 14 
16 15 
18 16 
16 17 
-31 -3
4 3 
6 4 
6 5 
8 6 
9 11 
16 15 
18 16 
16 17 
-31 -4
6 2 
4 3 
6 4 
6 5 
6 8 
10 9 
8 11 
14 12 
16 15 
16 17 
16 18 
-31 -5
4 3 
6 4 
6 5 
2 6 
6 8 
10 9 
2 10 
12 11 
10 12 
15 13 
12 14 
15 16 
16 17 
16 18 
-31 -6
4 2 
6 4 
6 5 
15 7 
7 8 
10 9 
11 10 
12 11 
15 13 
12 14 
15 16 
16 17 
16 18 
-31 -7
4 2 
5 4 
6 5 
8 7 
13 8 
10 9 
12 10 
12 11 
11 13 
12 14 
7 15 
17 16 
15 17 
17 18 
-31 -8
6 5 
13 15 
-32 -1
6 5 
4 6 
15 10 
13 15 
-32 -2
5 2 
6 4 
6 5 
8 6 
14 12 
15 13 
15 17 
-32 -3
5 2 
3 4 
5 4 
8 5 
5 6 
10 7 
13 15 
17 16 
15 17 
17 18 
-32 -4
6 2 
3 4 
5 4 
6 5 
10 7 
5 8 
15 11 
15 13 
16 15 
16 17 
17 18 
15 19 
-32 -5
4 3 
5 4 
6 5 
2 6 
8 7 
6 8 
7 10 
6 11 
15 13 
12 14 
16 15 
17 16 
18 17 
-32 -6
6 2 
4 3 
6 4 
6 5 
8 7 
6 8 
7 10 
8 11 
6 12 
15 13 
6 15 
18 16 
16 17 
15 18 
-32 -7
4 2 
4 3 
6 4 
6 5 
8 6 
8 7 
11 8 
10 9 
7 10 
11 12 
15 13 
10 14 
18 15 
18 16 
16 17 
11 18 
-32 -8
5 2 
-33 -1
10 2 
6 4 
2 5 
2 6 
6 8 
10 9 
15 17 
16 18 
-33 -2
5 2 
6 4 
6 5 
6 8 
10 9 
2 10 
14 12 
13 17 
-33 -3
5 2 
5 3 
6 4 
6 5 
8 6 
10 9 
2 10 
8 11 
2 12 
11 14 
17 15 
16 18 
-33 -4
5 2 
5 3 
6 4 
6 5 
8 6 
11 8 
10 9 
13 10 
10 11 
2 12 
11 14 
16 15 
15 17 
16 18 
-33 -5
5 2 
5 3 
5 4 
8 5 
5 6 
10 9 
11 10 
8 11 
2 12 
8 13 
11 14 
16 15 
17 16 
17 18 
-33 -6
9 2 
5 3 
5 4 
2 5 
5 6 
9 7 
11 8 
10 9 
11 10 
14 11 
9 12 
14 13 
16 15 
17 16 
17 18 
-33 -7
9 8 
18 17 
-34 -1
6 4 
9 8 
8 11 
-34 -2
6 4 
8 6 
11 8 
11 9 
-34 -3
6 2 
6 4 
6 8 
8 9 
12 10 
9 11 
-34 -4
6 2 
6 4 
8 6 
11 8 
11 9 
10 11 
10 12 
-34 -5
6 4 
2 5 
2 6 
6 8 
11 9 
11 10 
8 11 
10 12 
15 17 
-34 -6
6 4 
2 5 
2 6 
13 7 
6 8 
11 9 
11 10 
8 11 
10 12 
10 13 
18 16 
15 17 
17 18 
-34 -7
6 2 
6 4 
2 5 
8 6 
9 7 
11 8 
11 9 
11 10 
10 12 
7 13 
9 14 
11 15 
17 16 
15 17 
16 18 
-34 -8
6 2 
6 4 
2 5 
8 6 
9 7 
7 8 
11 9 
12 10 
10 11 
7 13 
12 14 
11 15 
15 16 
16 17 
16 18 
-34 -9
6 2 
6 4 
2 5 
8 6 
13 7 
7 8 
10 9 
7 10 
9 11 
2 12 
14 13 
9 15 
18 16 
15 17 
17 18 
-34 -10
6 2 
6 4 
2 5 
8 6 
8 7 
13 8 
11 9 
9 10 
13 12 
10 13 
8 14 
9 15 
15 16 
18 17 
16 18 
-34 -11
5 2 
7 3 
6 4 
5 6 
8 7 
4 8 
6 9 
11 10 
12 11 
13 12 
14 13 
8 14 
16 15 
18 16 
18 17 
-34 -12
5 2 
4 3 
6 5 
4 6 
9 7 
14 8 
6 9 
4 10 
4 11 
13 12 
4 13 
13 14 
17 15 
15 16 
18 17 
-34 -13
18 2 
4 3 
18 4 
4 5 
4 6 
4 7 
14 8 
4 9 
11 10 
12 11 
13 12 
18 14 
16 15 
17 16 
13 17 
17 18 
18 19 
-34 -14
3 2 
4 3 
5 4 
6 5 
7 6 
8 7 
9 8 
10 9 
11 10 
12 11 
13 12 
14 13 
18 14 
16 15 
17 16 
17 18 
12 19 
-34 -15
3 2 
4 3 
5 4 
6 5 
7 6 
8 7 
9 8 
10 9 
11 10 
12 11 
13 12 
14 13 
17 14 
16 15 
16 17 
17 18 
17 19 
-34 -16
-34 -17
-34 -18
-34 -19
-34 -20
-34 -21
-34 -22
-34 -23
-34 -24
-34 -25
-34 -26
-34 -27
-34 -28
-34 -29
-34 -30
-34 -31
-34 -32
-34 -33
5 2 
9 16 
-35 -1
5 2 
5 9 
4 11 
16 15 
9 16 
-35 -2
5 2 
6 3 
7 5 
4 6 
4 11 
15 13 
16 14 
16 15 
-35 -3
5 2 
4 3 
6 4 
3 5 
5 7 
4 10 
10 11 
10 12 
17 14 
16 15 
17 16 
18 17 
-35 -4
5 2 
5 3 
3 4 
4 6 
7 8 
4 10 
10 11 
10 12 
17 15 
15 16 
16 18 
-35 -5
5 2 
5 4 
4 6 
8 7 
13 9 
11 10 
9 11 
11 12 
12 14 
15 16 
15 17 
16 18 
-35 -6
7 8 
13 9 
11 10 
9 12 
8 13 
13 14 
15 16 
16 17 
16 18 
-35 -7
18 9 
9 12 
17 15 
17 16 
17 18 
-35 -8
17 15 
17 16 
19 17 
-35 -9
18 3 
6 4 
11 13 
-36 -1
6 4 
6 5 
9 6 
16 15 
13 18 
-36 -2
6 4 
6 5 
6 8 
8 11 
16 15 
16 17 
16 19 
-36 -3
6 4 
6 5 
11 8 
11 9 
17 15 
16 17 
16 18 
-36 -4
6 4 
6 5 
13 7 
10 9 
9 11 
10 12 
16 15 
17 16 
16 18 
-36 -5
4 5 
4 6 
7 8 
10 9 
11 10 
8 11 
9 12 
7 13 
9 14 
16 15 
16 17 
16 18 
11 19 
-36 -6
17 15 
15 16 
17 18 
17 19 
-37 -1
8 14 
16 15 
15 17 
17 18 
-37 -2
6 4 
8 6 
19 9 
15 13 
16 15 
17 16 
17 18 
14 19 
-37 -3
5 3 
6 4 
6 8 
19 9 
9 10 
10 11 
11 12 
12 14 
13 15 
15 16 
16 17 
17 18 
-37 -4
5 3 
4 6 
9 7 
6 8 
10 9 
10 11 
11 12 
15 13 
17 15 
18 16 
18 17 
-37 -5
6 4 
6 5 
8 6 
9 7 
9 10 
10 11 
11 12 
15 13 
12 14 
17 15 
18 16 
17 18 
-37 -6
6 4 
6 5 
8 6 
9 7 
10 9 
11 10 
12 11 
12 14 
13 15 
17 16 
15 17 
16 18 
-37 -7
6 5 
4 6 
9 7 
10 9 
12 11 
10 12 
15 13 
12 14 
18 16 
16 17 
15 18 
-37 -8
14 2 
4 6 
9 7 
12 9 
9 10 
11 12 
15 13 
12 14 
16 15 
18 16 
18 17 
-37 -9
7 2 
13 3 
6 4 
15 7 
12 8 
7 9 
9 10 
12 11 
9 12 
2 14 
13 15 
15 16 
18 17 
16 18 
-37 -10
7 2 
15 7 
7 9 
9 10 
7 13 
2 14 
17 18 
-37 -11
7 2 
-37 -12
-37 -13
-37 -14
-37 -15
-37 -16
-37 -17
-37 -18
-37 -19
-37 -20
-37 -21
-37 -22
-37 -23
-37 -24
-37 -25
-37 -26
-37 -27
-37 -28
-37 -29
-37 -30
-37 -31
-37 -32
-37 -33
8 6 
9 7 
7 8 
12 11 
8 18 
-38 -1
12 5 
9 7 
6 8 
12 11 
-38 -2
8 6 
7 9 
7 11 
17 15 
15 16 
16 18 
-38 -3
16 2 
6 4 
6 5 
8 6 
11 7 
7 9 
9 10 
8 11 
11 12 
16 15 
18 16 
15 17 
-38 -4
4 3 
5 4 
6 5 
6 8 
7 9 
12 11 
8 12 
17 15 
15 16 
18 17 
-38 -5
4 3 
5 4 
6 5 
8 6 
12 8 
7 9 
12 11 
17 15 
16 17 
16 18 
-38 -6
4 3 
9 7 
9 10 
9 13 
13 14 
17 16 
15 17 
16 18 
-38 -7
10 9 
14 13 
17 15 
17 16 
16 18 
18 19 
-38 -8
8 6 
9 7 
7 8 
12 11 
8 18 
-39 -1
12 5 
9 7 
6 8 
12 11 
-39 -2
8 6 
7 9 
7 11 
17 15 
15 16 
16 18 
-39 -3
16 2 
6 4 
6 5 
8 6 
11 7 
7 9 
9 10 
8 11 
11 12 
16 15 
18 16 
15 17 
-39 -4
4 3 
5 4 
6 5 
6 8 
7 9 
12 11 
8 12 
17 15 
15 16 
18 17 
-39 -5
4 3 
5 4 
6 5 
8 6 
12 8 
7 9 
12 11 
17 15 
16 17 
16 18 
-39 -6
4 3 
9 7 
9 10 
9 13 
13 14 
17 16 
15 17 
16 18 
-39 -7
10 9 
14 13 
17 15 
17 16 
16 18 
18 19 
-39 -8
5 6 
-3 -1
12 3 
5 4 
5 6 
3 8 
5 10 
10 12 
15 17 
-3 -2
5 4 
5 6 
4 8 
5 10 
14 12 
15 16 
15 17 
-3 -3
5 4 
6 5 
9 6 
4 8 
5 10 
5 11 
10 12 
16 15 
15 17 
16 18 
-3 -4
5 3 
6 4 
6 5 
10 6 
6 8 
10 9 
8 11 
10 12 
2 14 
16 15 
18 16 
15 17 
-3 -5
5 3 
4 5 
5 6 
5 8 
3 9 
5 10 
10 11 
10 12 
7 13 
8 14 
16 15 
18 16 
16 17 
-3 -6
6 4 
12 11 
16 15 
17 16 
-40 -1
4 3 
4 5 
4 6 
11 12 
17 15 
17 16 
18 17 
-40 -2
4 3 
5 4 
18 5 
4 6 
12 10 
11 12 
17 15 
16 17 
17 18 
-40 -3
4 5 
5 6 
12 10 
12 11 
17 16 
15 17 
15 18 
-40 -4
5 4 
6 5 
11 9 
10 11 
11 12 
16 15 
17 16 
17 18 
-40 -5
14 4 
4 6 
7 9 
-41 -1
6 4 
9 7 
4 14 
-41 -2
6 4 
6 5 
9 7 
12 10 
10 11 
10 14 
6 19 
-41 -3
6 3 
6 4 
5 6 
7 9 
12 10 
11 12 
5 14 
18 16 
6 19 
-41 -4
6 4 
5 6 
9 7 
12 10 
12 11 
8 12 
8 14 
-41 -5
6 5 
4 6 
14 8 
7 9 
12 11 
10 12 
17 15 
18 16 
6 19 
-41 -6
6 3 
6 4 
6 5 
13 7 
7 8 
7 9 
8 14 
5 15 
15 17 
16 18 
6 19 
-41 -7
15 2 
5 4 
6 5 
2 6 
16 15 
15 17 
16 18 
-41 -8
4 2 
5 4 
6 5 
17 15 
16 17 
16 18 
-41 -9
16 15 
18 16 
16 17 
-41 -10
16 15 
18 16 
16 17 
16 19 
-41 -11
16 15 
19 16 
16 17 
16 18 
-41 -12
16 15 
19 16 
16 17 
16 18 
-41 -13
16 15 
17 16 
16 18 
16 19 
-41 -14
16 15 
19 16 
16 17 
16 18 
-41 -15
16 15 
16 17 
16 18 
16 19 
-41 -16
16 15 
18 16 
16 17 
16 19 
-41 -17
16 15 
16 17 
16 18 
16 19 
-41 -18
16 15 
19 16 
16 17 
16 18 
-41 -19
16 15 
19 16 
16 17 
16 18 
-41 -20
16 15 
17 16 
19 17 
-41 -21
16 15 
17 16 
19 17 
-41 -22
16 15 
17 16 
17 19 
-41 -23
16 15 
17 16 
19 17 
-41 -24
16 15 
17 16 
19 17 
-41 -25
16 15 
17 16 
19 17 
-41 -26
16 15 
17 16 
-41 -27
16 15 
17 16 
-41 -28
-41 -29
-41 -30
-41 -31
-41 -32
-41 -33
-41 -34
-41 -35
-41 -36
-41 -37
-41 -38
-41 -39
-41 -40
19 18 
-41 -41
18 19 
-41 -42
19 18 
-41 -43
6 4 
11 10 
12 11 
15 16 
2 19 
-42 -1
6 4 
11 10 
11 12 
15 16 
12 18 
-42 -2
6 4 
5 6 
11 9 
12 10 
10 11 
5 14 
15 16 
-42 -3
6 5 
4 6 
10 7 
12 8 
7 9 
12 10 
10 11 
16 15 
-42 -4
5 2 
6 4 
4 5 
9 7 
12 8 
6 10 
10 11 
10 12 
16 15 
16 17 
-42 -5
5 2 
6 4 
4 5 
12 6 
9 7 
12 8 
11 10 
12 11 
12 14 
16 15 
16 17 
-42 -6
5 2 
6 4 
5 6 
12 8 
7 9 
12 11 
16 15 
18 17 
16 18 
-42 -7
6 11 
-43 -1
14 13 
17 15 
-43 -2
13 15 
15 17 
-43 -3
13 10 
15 13 
17 15 
18 16 
15 18 
-43 -4
4 6 
9 8 
13 10 
12 11 
10 12 
15 13 
18 16 
15 17 
-43 -5
6 2 
6 5 
15 6 
13 8 
11 9 
11 10 
10 12 
10 13 
13 15 
15 17 
15 18 
13 19 
-43 -6
6 2 
6 5 
8 7 
13 8 
11 9 
10 11 
11 12 
10 13 
9 14 
13 15 
13 19 
-43 -7
8 7 
10 9 
8 10 
10 11 
11 12 
8 13 
9 14 
19 15 
13 19 
-43 -8
8 7 
13 8 
10 9 
8 10 
10 11 
11 12 
8 14 
19 15 
13 19 
-43 -9
13 2 
10 7 
10 8 
12 9 
13 10 
10 11 
11 12 
8 14 
13 15 
15 17 
15 19 
-43 -10
5 2 
4 3 
8 7 
13 8 
12 10 
12 11 
9 12 
12 13 
12 14 
10 15 
15 17 
15 19 
-43 -11
9 11 
15 14 
-44 -1
6 4 
5 6 
11 9 
11 10 
15 14 
-44 -2
6 4 
6 5 
11 9 
10 11 
10 12 
9 16 
9 17 
-44 -3
6 2 
6 4 
5 6 
11 9 
11 10 
10 12 
9 13 
9 14 
9 16 
9 17 
16 18 
-44 -4
6 2 
6 4 
6 5 
14 8 
11 9 
11 10 
14 11 
10 12 
10 13 
6 15 
18 16 
-44 -5
5 2 
2 3 
6 4 
6 5 
15 6 
8 7 
14 8 
11 9 
12 10 
10 11 
17 12 
10 13 
10 14 
6 16 
16 18 
-44 -6
5 2 
2 3 
6 4 
6 5 
14 6 
8 7 
11 8 
11 10 
9 11 
9 12 
10 13 
11 14 
6 15 
18 16 
10 19 
-44 -7
7 2 
2 3 
2 4 
2 5 
2 6 
8 7 
11 8 
10 9 
11 10 
14 11 
9 12 
10 13 
17 16 
-44 -8
7 2 
2 4 
2 5 
2 6 
8 7 
11 8 
12 9 
11 10 
12 11 
11 13 
11 14 
18 16 
16 17 
-44 -9
7 2 
2 4 
2 5 
2 6 
11 7 
11 8 
12 9 
11 10 
12 11 
11 13 
11 14 
17 16 
16 18 
-44 -10
7 2 
2 4 
2 5 
2 6 
8 7 
11 8 
12 9 
11 10 
13 11 
11 12 
14 13 
17 14 
18 15 
18 16 
16 17 
18 19 
-44 -11
12 9 
-45 -1
4 3 
4 5 
5 6 
12 9 
10 11 
11 12 
-45 -2
4 3 
4 5 
5 6 
16 8 
12 9 
11 10 
12 11 
13 15 
18 17 
-45 -3
4 3 
5 4 
6 5 
9 12 
15 13 
16 15 
18 17 
-45 -4
4 3 
5 4 
5 6 
9 12 
16 15 
18 17 
6 19 
-45 -5
5 4 
6 5 
19 6 
6 7 
12 9 
16 15 
16 17 
17 18 
-45 -6
7 2 
6 4 
6 5 
2 6 
12 9 
15 16 
16 17 
17 18 
15 19 
-45 -7
7 9 
13 12 
-46 -1
12 13 
-46 -2
6 4 
5 6 
15 8 
17 15 
16 17 
16 18 
-46 -3
6 4 
5 6 
2 9 
9 10 
10 11 
11 12 
8 14 
17 15 
17 16 
18 17 
-46 -4
9 2 
4 3 
10 4 
6 5 
4 6 
10 9 
10 11 
11 12 
17 15 
18 16 
16 17 
-46 -5
12 2 
6 4 
5 6 
10 9 
12 10 
12 11 
9 14 
17 15 
17 16 
16 18 
-46 -6
12 2 
5 3 
6 5 
4 6 
10 8 
6 9 
9 10 
12 11 
10 12 
9 13 
10 14 
17 15 
16 17 
16 18 
-46 -7
13 2 
3 5 
3 6 
8 7 
10 8 
12 10 
12 11 
9 12 
9 13 
11 14 
17 15 
17 16 
18 17 
15 19 
-46 -8
11 2 
6 4 
17 7 
-47 -1
12 3 
6 4 
16 10 
2 11 
13 12 
17 15 
2 19 
-47 -2
11 2 
6 4 
10 11 
13 12 
2 14 
18 16 
2 19 
-47 -3
11 2 
6 4 
11 5 
11 6 
11 10 
2 12 
2 14 
10 16 
16 18 
2 19 
-47 -4
11 2 
6 4 
11 5 
11 6 
9 7 
11 10 
12 11 
5 14 
5 16 
15 17 
16 18 
2 19 
-47 -5
5 2 
5 3 
6 4 
11 6 
9 7 
11 10 
5 11 
10 12 
17 15 
16 17 
16 18 
2 19 
-47 -6
5 3 
6 4 
2 5 
2 6 
7 9 
5 10 
10 11 
10 12 
7 13 
17 15 
16 17 
16 18 
10 19 
-47 -7
7 3 
2 4 
2 5 
2 6 
13 7 
12 8 
7 9 
2 10 
2 11 
4 12 
4 13 
17 15 
16 17 
16 18 
10 19 
-47 -8
15 2 
6 5 
4 6 
11 9 
-48 -1
6 4 
8 6 
2 15 
18 16 
18 17 
-48 -2
6 4 
2 6 
6 8 
2 15 
18 16 
-48 -3
6 2 
6 4 
3 5 
8 6 
7 9 
10 12 
2 15 
16 18 
2 19 
-48 -4
6 2 
5 3 
4 5 
4 6 
9 7 
6 8 
10 9 
4 10 
10 11 
10 12 
8 14 
15 16 
2 19 
-48 -5
6 2 
5 3 
5 4 
4 6 
9 7 
6 8 
10 9 
11 10 
5 11 
10 12 
16 15 
18 16 
2 19 
-48 -6
6 2 
5 3 
4 5 
5 6 
9 7 
6 8 
10 9 
11 10 
5 11 
10 12 
12 13 
8 14 
16 15 
18 16 
10 18 
2 19 
-48 -7
6 4 
12 14 
-49 -1
4 6 
15 13 
18 16 
-49 -2
4 5 
4 6 
15 13 
18 16 
-49 -3
4 5 
4 6 
12 10 
15 13 
17 16 
16 18 
-49 -4
6 4 
4 5 
2 6 
10 12 
16 14 
13 15 
18 16 
16 17 
-49 -5
6 2 
6 4 
4 5 
10 9 
12 10 
14 12 
13 15 
16 17 
16 18 
10 19 
-49 -6
6 2 
4 3 
6 4 
4 5 
12 9 
9 10 
10 11 
14 12 
15 13 
16 14 
16 15 
18 16 
16 17 
-49 -7
6 2 
4 3 
6 4 
4 5 
12 9 
9 10 
14 12 
19 14 
13 15 
14 16 
16 17 
16 18 
-49 -8
6 2 
4 3 
6 4 
4 5 
8 7 
12 9 
9 10 
14 12 
7 13 
19 14 
18 16 
18 17 
-49 -9
6 4 
6 5 
2 6 
13 7 
7 8 
12 9 
9 10 
18 16 
-49 -10
18 3 
19 10 
13 18 
-4 -1
11 9 
-4 -2
15 5 
11 7 
11 10 
10 12 
16 15 
11 16 
-4 -3
15 5 
12 8 
11 10 
11 12 
14 13 
16 15 
18 17 
16 18 
-4 -4
12 2 
4 3 
12 8 
11 10 
12 11 
13 14 
16 15 
18 17 
16 18 
-4 -5
4 3 
6 4 
2 5 
17 6 
12 8 
11 10 
12 11 
2 12 
16 15 
18 16 
18 17 
-4 -6
12 2 
3 4 
2 5 
4 6 
12 8 
10 11 
11 12 
16 15 
6 16 
18 17 
16 18 
-4 -7
2 3 
3 4 
2 5 
4 6 
12 8 
12 11 
2 12 
16 15 
18 16 
18 17 
-4 -8
12 2 
2 3 
6 4 
2 5 
12 8 
12 11 
12 14 
16 15 
18 16 
18 17 
-4 -9
5 2 
3 5 
12 8 
12 10 
14 12 
18 15 
17 16 
16 18 
-4 -10
4 3 
5 4 
5 6 
13 15 
-50 -1
5 4 
6 5 
14 12 
15 13 
-50 -2
6 4 
5 6 
15 13 
17 15 
15 16 
-50 -3
3 4 
6 5 
4 6 
12 10 
9 11 
15 13 
15 16 
15 17 
5 18 
-50 -4
3 2 
5 3 
6 4 
6 5 
8 6 
9 8 
11 9 
12 10 
10 11 
14 12 
15 13 
10 15 
15 16 
15 17 
16 18 
-50 -5
3 2 
5 3 
6 4 
5 6 
6 8 
11 9 
10 11 
10 12 
15 13 
10 15 
15 16 
16 17 
16 18 
-50 -6
3 2 
5 3 
6 4 
6 5 
8 6 
8 7 
12 8 
11 9 
11 10 
15 11 
11 12 
15 13 
16 15 
16 17 
16 18 
-50 -7
6 2 
2 3 
6 4 
6 5 
8 6 
8 7 
12 8 
11 9 
11 10 
15 11 
11 12 
15 13 
13 14 
15 16 
15 17 
16 18 
-50 -8
10 2 
2 3 
5 4 
6 5 
2 6 
8 7 
10 8 
17 10 
10 11 
10 12 
13 14 
13 15 
15 16 
15 17 
15 18 
6 19 
-50 -9
-5 -1
9 11 
17 15 
18 19 
-5 -2
4 6 
11 9 
12 10 
10 11 
18 13 
15 17 
18 19 
-5 -3
6 4 
5 6 
12 10 
10 11 
12 13 
10 14 
13 15 
15 16 
15 17 
17 18 
-5 -4
4 3 
4 5 
4 6 
19 7 
6 8 
12 10 
12 11 
13 12 
16 13 
8 14 
15 16 
15 17 
16 18 
-5 -5
8 2 
4 3 
6 4 
6 5 
8 6 
8 7 
11 9 
12 10 
10 11 
8 12 
12 13 
13 15 
15 16 
15 17 
15 18 
-5 -6
6 4 
6 7 
13 10 
-6 -1
6 4 
6 7 
5 10 
-6 -2
5 2 
5 3 
10 4 
10 5 
4 6 
11 9 
10 11 
-6 -3
5 2 
5 3 
10 4 
10 5 
4 6 
11 10 
9 11 
10 12 
6 13 
17 15 
-6 -4
5 2 
5 3 
6 4 
10 5 
2 6 
11 9 
11 10 
2 12 
17 15 
18 16 
-6 -5
5 2 
5 3 
5 4 
4 6 
11 8 
11 9 
11 10 
17 15 
16 17 
16 18 
-6 -6
5 2 
5 3 
5 4 
5 6 
9 7 
7 8 
9 11 
8 12 
14 13 
17 15 
17 16 
16 18 
-6 -7
6 4 
15 13 
-7 -1
6 4 
11 6 
13 15 
-7 -2
5 2 
15 3 
6 4 
10 6 
12 10 
6 11 
15 13 
16 15 
17 16 
-7 -3
5 2 
15 3 
6 4 
3 5 
10 6 
12 10 
16 15 
17 16 
18 17 
-7 -4
6 5 
13 14 
-8 -1
5 3 
6 4 
6 5 
9 7 
-8 -2
5 3 
6 4 
6 5 
7 9 
11 10 
9 11 
16 15 
-8 -3
5 3 
6 4 
4 5 
9 7 
9 10 
10 11 
11 12 
12 13 
15 16 
2 18 
-8 -4
8 2 
5 3 
5 4 
4 6 
9 7 
12 8 
12 9 
10 11 
11 12 
-8 -5
6 2 
5 3 
6 4 
4 5 
12 7 
2 8 
7 9 
8 12 
15 16 
17 18 
-8 -6
6 2 
2 3 
5 4 
6 5 
9 7 
7 8 
9 12 
17 15 
15 16 
17 18 
-8 -7
15 4 
13 6 
-9 -1
15 4 
5 6 
12 14 
3 18 
-9 -2
18 3 
15 4 
6 5 
16 13 
12 14 
13 15 
-9 -3
5 2 
18 3 
5 4 
5 6 
4 9 
4 15 
16 18 
-9 -4
18 3 
4 5 
5 6 
4 9 
9 10 
15 13 
4 15 
18 16 
-9 -5
5 3 
6 4 
5 6 
4 9 
9 10 
10 11 
11 12 
15 13 
4 15 
18 16 
5 17 
3 18 
-9 -6
5 3 
15 4 
6 5 
4 6 
8 7 
13 9 
9 10 
10 11 
11 12 
15 13 
18 16 
3 18 
-9 -7
5 3 
15 4 
4 5 
5 6 
8 7 
14 8 
12 9 
8 10 
10 11 
11 12 
15 13 
13 14 
18 15 
18 16 
-9 -8
5 2 
6 3 
6 4 
6 5 
15 6 
8 7 
11 8 
12 9 
8 10 
14 11 
8 12 
14 13 
13 15 
15 16 
16 18 
-9 -9
15 2 
6 3 
5 4 
6 5 
2 6 
12 9 
16 15 
16 18 
-9 -10
6 2 
5 4 
6 5 
15 6 
16 15 
16 17 
16 18 
-9 -11
4 2 
5 4 
6 5 
16 15 
18 16 
16 17 
-9 -12
16 15 
16 17 
16 18 
-9 -13
