14 12 
12 13 
-10 -1
6 8 
12 10 
10 11 
13 15 
-10 -2
12 4 
5 6 
6 8 
12 10 
10 11 
13 15 
-10 -3
12 4 
5 6 
6 8 
12 10 
10 11 
13 15 
15 17 
-10 -4
5 3 
12 4 
13 5 
5 6 
6 8 
8 9 
12 10 
10 11 
8 12 
12 14 
13 15 
15 17 
-10 -5
5 3 
12 4 
13 5 
5 6 
6 8 
8 9 
12 10 
10 11 
8 12 
7 13 
17 14 
13 15 
13 16 
15 17 
-10 -6
5 3 
12 4 
13 5 
5 6 
6 8 
8 9 
12 10 
10 11 
8 12 
7 13 
17 14 
13 15 
15 16 
15 17 
-10 -7
5 3 
12 4 
13 5 
5 6 
6 8 
8 9 
12 10 
10 11 
8 12 
7 13 
13 14 
13 15 
15 16 
15 17 
-10 -8
5 3 
12 4 
13 5 
5 6 
6 8 
12 9 
12 10 
10 11 
8 12 
7 13 
13 14 
13 15 
15 16 
15 17 
15 18 
-10 -9
5 3 
12 4 
13 5 
5 6 
6 8 
12 10 
10 11 
8 12 
7 13 
13 14 
13 15 
15 16 
15 17 
15 18 
-10 -10
6 12 
9 16 
15 17 
-11 -1
5 4 
6 5 
15 17 
-11 -2
12 2 
5 4 
6 5 
2 6 
11 10 
10 12 
15 16 
15 17 
-11 -3
12 2 
5 4 
6 5 
2 6 
12 8 
11 10 
10 12 
15 16 
15 17 
16 18 
-11 -4
12 2 
5 4 
6 5 
2 6 
12 8 
11 10 
10 12 
14 13 
15 16 
15 17 
16 18 
-11 -5
5 2 
17 3 
3 5 
4 6 
11 9 
9 10 
12 11 
-12 -1
5 2 
17 3 
3 5 
4 6 
11 9 
9 10 
12 11 
17 16 
-12 -2
5 2 
5 4 
3 5 
4 6 
11 9 
9 10 
12 11 
6 16 
12 17 
-12 -3
5 2 
3 5 
2 8 
11 9 
9 10 
12 11 
14 12 
16 15 
-12 -4
3 5 
11 9 
9 10 
12 11 
14 12 
15 13 
16 15 
-12 -5
7 8 
14 12 
16 15 
18 16 
17 18 
-12 -6
7 8 
14 12 
16 15 
18 16 
17 18 
-12 -7
7 8 
14 12 
16 15 
18 16 
17 18 
-12 -8
18 7 
7 8 
14 12 
16 15 
18 16 
17 18 
-12 -9
18 7 
7 8 
14 12 
16 15 
18 16 
17 18 
-12 -10
14 12 
12 13 
-13 -1
6 8 
12 10 
10 11 
13 15 
-13 -2
12 4 
5 6 
6 8 
12 10 
10 11 
13 15 
-13 -3
12 4 
5 6 
6 8 
12 10 
10 11 
13 15 
15 17 
-13 -4
5 3 
12 4 
13 5 
5 6 
6 8 
8 9 
12 10 
10 11 
8 12 
12 14 
13 15 
15 17 
-13 -5
5 3 
12 4 
13 5 
5 6 
6 8 
8 9 
12 10 
10 11 
8 12 
7 13 
17 14 
13 15 
13 16 
15 17 
-13 -6
5 3 
12 4 
13 5 
5 6 
6 8 
8 9 
12 10 
10 11 
8 12 
7 13 
17 14 
13 15 
15 16 
15 17 
-13 -7
5 3 
12 4 
13 5 
5 6 
6 8 
8 9 
12 10 
10 11 
8 12 
7 13 
13 14 
13 15 
15 16 
15 17 
-13 -8
5 3 
12 4 
13 5 
5 6 
6 8 
12 9 
12 10 
10 11 
8 12 
7 13 
13 14 
13 15 
15 16 
15 17 
15 18 
-13 -9
5 3 
12 4 
13 5 
5 6 
6 8 
12 10 
10 11 
8 12 
7 13 
13 14 
13 15 
15 16 
15 17 
15 18 
-13 -10
14 12 
12 13 
-14 -1
6 8 
12 10 
10 11 
13 15 
-14 -2
12 4 
5 6 
6 8 
12 10 
10 11 
13 15 
-14 -3
12 4 
5 6 
6 8 
12 10 
10 11 
13 15 
15 17 
-14 -4
5 3 
12 4 
13 5 
5 6 
6 8 
8 9 
12 10 
10 11 
8 12 
12 14 
13 15 
15 17 
-14 -5
5 3 
12 4 
13 5 
5 6 
6 8 
8 9 
12 10 
10 11 
8 12 
7 13 
17 14 
13 15 
13 16 
15 17 
-14 -6
5 3 
12 4 
13 5 
5 6 
6 8 
8 9 
12 10 
10 11 
8 12 
7 13 
17 14 
13 15 
15 17 
-14 -7
6 12 
9 16 
15 17 
-15 -1
5 4 
6 5 
15 17 
-15 -2
12 2 
5 4 
6 5 
2 6 
11 10 
10 12 
15 16 
15 17 
-15 -3
12 2 
5 4 
6 5 
2 6 
12 8 
11 10 
10 12 
15 16 
15 17 
16 18 
-15 -4
12 2 
5 4 
6 5 
2 6 
12 8 
11 10 
10 12 
14 13 
15 16 
15 17 
16 18 
-15 -5
5 2 
17 3 
3 5 
4 6 
11 9 
9 10 
12 11 
-16 -1
5 2 
17 3 
3 5 
4 6 
11 9 
9 10 
12 11 
17 16 
-16 -2
5 2 
5 4 
3 5 
4 6 
11 9 
9 10 
12 11 
6 16 
12 17 
-16 -3
5 2 
3 5 
2 8 
11 9 
9 10 
12 11 
14 12 
16 15 
-16 -4
3 5 
11 9 
9 10 
12 11 
14 12 
15 13 
16 15 
-16 -5
7 8 
14 12 
16 15 
18 16 
17 18 
-16 -6
7 8 
14 12 
16 15 
18 16 
17 18 
-16 -7
7 8 
14 12 
16 15 
18 16 
17 18 
-16 -8
18 7 
7 8 
14 12 
16 15 
18 16 
17 18 
-16 -9
18 7 
7 8 
14 12 
16 15 
18 16 
17 18 
-16 -10
14 12 
12 13 
-17 -1
6 8 
12 10 
10 11 
13 15 
-17 -2
12 4 
5 6 
6 8 
12 10 
10 11 
13 15 
-17 -3
12 4 
5 6 
6 8 
12 10 
10 11 
13 15 
15 17 
-17 -4
5 3 
12 4 
13 5 
5 6 
6 8 
8 9 
12 10 
10 11 
8 12 
12 14 
13 15 
15 17 
-17 -5
5 3 
12 4 
13 5 
5 6 
6 8 
8 9 
12 10 
10 11 
8 12 
7 13 
17 14 
13 15 
13 16 
15 17 
-17 -6
5 3 
12 4 
13 5 
5 6 
6 8 
8 9 
12 10 
10 11 
8 12 
7 13 
17 14 
13 15 
15 17 
-17 -7
14 12 
12 13 
-18 -1
6 8 
12 10 
10 11 
13 15 
-18 -2
12 4 
5 6 
6 8 
12 10 
10 11 
13 15 
-18 -3
12 4 
5 6 
6 8 
12 10 
10 11 
13 15 
15 17 
-18 -4
5 3 
12 4 
13 5 
5 6 
6 8 
8 9 
12 10 
10 11 
8 12 
12 14 
13 15 
15 17 
-18 -5
5 3 
12 4 
13 5 
5 6 
6 8 
8 9 
12 10 
10 11 
8 12 
7 13 
17 14 
13 15 
13 16 
15 17 
-18 -6
5 3 
12 4 
13 5 
5 6 
6 8 
8 9 
12 10 
10 11 
8 12 
7 13 
17 14 
13 15 
15 16 
15 17 
-18 -7
5 3 
12 4 
13 5 
5 6 
6 8 
8 9 
12 10 
10 11 
8 12 
7 13 
13 14 
13 15 
15 16 
15 17 
-18 -8
5 3 
12 4 
13 5 
5 6 
6 8 
12 9 
12 10 
10 11 
8 12 
7 13 
13 14 
13 15 
15 16 
15 17 
15 18 
-18 -9
5 3 
12 4 
13 5 
5 6 
6 8 
12 10 
10 11 
8 12 
7 13 
13 14 
13 15 
15 16 
15 17 
15 18 
-18 -10
6 9 
-19 -1
4 5 
5 6 
6 9 
16 15 
-19 -2
4 5 
5 6 
9 11 
10 12 
15 13 
18 14 
16 15 
15 17 
16 18 
-19 -3
4 5 
5 6 
9 11 
10 12 
15 13 
18 14 
16 18 
-19 -4
10 4 
4 5 
5 6 
12 8 
13 10 
9 11 
10 12 
15 13 
17 15 
17 16 
16 18 
-19 -5
4 5 
5 6 
10 7 
12 8 
10 12 
15 13 
17 15 
15 16 
16 18 
-19 -6
5 2 
5 3 
4 5 
5 6 
11 7 
12 8 
11 10 
10 12 
15 13 
17 15 
15 16 
16 18 
-19 -7
5 2 
4 5 
5 6 
11 7 
12 8 
11 9 
11 10 
10 12 
15 13 
13 14 
17 15 
15 16 
16 18 
-19 -8
14 4 
13 6 
2 17 
-1 -1
13 6 
3 7 
3 12 
17 13 
17 15 
-1 -2
13 6 
3 7 
3 12 
17 13 
12 14 
19 18 
-1 -3
18 2 
4 3 
6 4 
6 5 
3 7 
-1 -4
4 3 
6 4 
6 5 
8 6 
3 7 
17 16 
16 18 
-1 -5
10 2 
4 3 
6 4 
6 5 
8 6 
3 7 
17 15 
17 16 
16 18 
-1 -6
10 2 
4 3 
6 4 
6 5 
2 6 
3 7 
17 15 
17 16 
16 18 
-1 -7
4 3 
6 4 
6 5 
2 6 
3 7 
17 15 
17 16 
16 18 
-1 -8
4 3 
6 4 
6 5 
2 6 
3 7 
10 12 
15 13 
17 15 
17 16 
16 18 
-1 -9
4 3 
6 4 
6 5 
2 6 
3 7 
13 8 
14 11 
10 12 
15 13 
17 15 
17 16 
16 18 
-1 -10
8 2 
4 3 
6 4 
6 5 
2 6 
12 8 
14 11 
10 12 
15 13 
17 15 
17 16 
16 18 
-1 -11
-20 -1
6 4 
19 5 
15 6 
14 12 
12 13 
15 17 
-20 -2
5 2 
6 4 
15 6 
14 11 
14 12 
12 13 
15 17 
16 18 
-20 -3
5 2 
6 4 
8 5 
14 12 
15 17 
16 18 
-20 -4
5 2 
6 4 
8 5 
14 12 
16 14 
15 17 
16 18 
-20 -5
5 2 
6 4 
5 6 
2 10 
14 12 
15 17 
16 18 
-20 -6
5 2 
6 4 
5 6 
12 10 
14 12 
16 18 
-20 -7
6 4 
5 6 
7 9 
12 11 
14 12 
7 14 
17 15 
16 18 
-20 -8
7 3 
6 4 
3 5 
5 6 
6 8 
7 9 
14 12 
13 14 
16 18 
-20 -9
7 2 
7 3 
3 5 
5 6 
17 7 
7 9 
14 12 
7 13 
15 16 
16 18 
-20 -10
7 2 
7 3 
17 7 
7 9 
7 13 
13 14 
15 16 
16 18 
-20 -11
7 2 
7 3 
17 7 
7 9 
7 13 
13 14 
15 16 
16 18 
-20 -12
7 2 
7 3 
7 9 
7 13 
13 14 
15 18 
7 19 
-20 -13
7 2 
7 3 
7 9 
7 13 
13 14 
15 18 
7 19 
-20 -14
7 2 
7 3 
7 9 
7 13 
13 14 
15 18 
7 19 
-20 -15
7 2 
7 3 
7 9 
7 13 
13 14 
15 18 
-20 -16
14 12 
12 13 
-21 -1
6 8 
12 10 
10 11 
13 15 
-21 -2
12 4 
5 6 
6 8 
12 10 
10 11 
13 15 
-21 -3
12 4 
5 6 
6 8 
12 10 
10 11 
13 15 
15 17 
-21 -4
5 3 
12 4 
13 5 
5 6 
6 8 
8 9 
12 10 
10 11 
8 12 
12 14 
13 15 
15 17 
-21 -5
5 3 
12 4 
13 5 
5 6 
6 8 
8 9 
12 10 
10 11 
8 12 
7 13 
17 14 
13 15 
13 16 
15 17 
-21 -6
5 3 
12 4 
13 5 
5 6 
6 8 
8 9 
12 10 
10 11 
8 12 
7 13 
17 14 
13 15 
15 17 
-21 -7
5 2 
17 3 
3 5 
4 6 
11 9 
9 10 
12 11 
-22 -1
5 2 
17 3 
3 5 
4 6 
11 9 
9 10 
12 11 
17 16 
-22 -2
5 2 
5 4 
3 5 
4 6 
11 9 
9 10 
12 11 
6 16 
12 17 
-22 -3
5 2 
3 5 
2 8 
11 9 
9 10 
12 11 
14 12 
16 15 
-22 -4
3 5 
11 9 
9 10 
12 11 
14 12 
15 13 
16 15 
-22 -5
7 8 
14 12 
16 15 
18 16 
17 18 
-22 -6
7 8 
14 12 
16 15 
18 16 
17 18 
-22 -7
7 8 
14 12 
16 15 
18 16 
17 18 
-22 -8
18 7 
7 8 
14 12 
16 15 
18 16 
17 18 
-22 -9
18 7 
7 8 
14 12 
16 15 
18 16 
17 18 
-22 -10
6 4 
8 6 
15 17 
-23 -1
6 4 
12 11 
15 13 
16 15 
15 17 
17 18 
15 19 
-23 -2
9 3 
6 4 
12 11 
15 13 
16 15 
15 17 
17 18 
-23 -3
9 3 
6 4 
12 10 
12 11 
15 13 
16 15 
15 17 
16 18 
15 19 
-23 -4
4 3 
6 4 
10 7 
10 9 
12 10 
12 11 
15 13 
16 15 
15 17 
16 18 
15 19 
-23 -5
6 4 
8 6 
-24 -1
6 4 
8 6 
6 10 
16 18 
-24 -2
6 4 
8 6 
6 7 
11 10 
9 11 
16 18 
-24 -3
17 2 
4 3 
6 4 
9 6 
6 7 
12 8 
11 10 
9 11 
10 12 
17 16 
16 18 
-24 -4
4 3 
6 4 
4 5 
9 6 
6 7 
12 8 
11 10 
10 12 
15 13 
16 15 
17 16 
16 18 
-24 -5
4 3 
6 4 
4 5 
6 7 
12 8 
10 9 
11 10 
10 12 
15 13 
16 15 
17 16 
16 18 
-24 -6
4 3 
6 4 
4 5 
6 7 
12 8 
10 9 
11 10 
10 12 
15 13 
16 15 
16 18 
-24 -7
8 2 
4 3 
6 4 
4 5 
9 6 
6 7 
12 8 
10 9 
11 10 
10 12 
15 13 
10 14 
16 15 
16 17 
-24 -8
2 3 
6 4 
4 5 
6 7 
12 8 
10 9 
11 10 
10 12 
15 13 
10 14 
16 15 
16 17 
17 18 
-24 -9
6 4 
4 5 
6 7 
12 8 
10 9 
11 10 
13 11 
10 12 
15 13 
7 14 
16 15 
16 17 
17 18 
6 19 
-24 -10
14 2 
6 4 
4 5 
6 7 
12 8 
12 9 
11 10 
13 11 
10 12 
15 13 
7 14 
16 15 
16 17 
6 19 
-24 -11
14 2 
8 7 
12 8 
11 10 
13 11 
10 12 
15 13 
7 14 
-24 -12
14 2 
2 3 
8 7 
12 8 
7 9 
10 12 
15 13 
7 14 
-24 -13
14 12 
12 13 
-25 -1
6 8 
12 10 
10 11 
13 15 
-25 -2
12 4 
5 6 
6 8 
12 10 
10 11 
13 15 
-25 -3
12 4 
5 6 
6 8 
12 10 
10 11 
13 15 
15 17 
-25 -4
5 3 
12 4 
13 5 
5 6 
6 8 
8 9 
12 10 
10 11 
8 12 
12 14 
13 15 
15 17 
-25 -5
5 3 
12 4 
13 5 
5 6 
6 8 
8 9 
12 10 
10 11 
8 12 
7 13 
17 14 
13 15 
13 16 
15 17 
-25 -6
5 3 
12 4 
13 5 
5 6 
6 8 
8 9 
12 10 
10 11 
8 12 
7 13 
17 14 
13 15 
15 16 
15 17 
-25 -7
5 3 
12 4 
13 5 
5 6 
6 8 
8 9 
12 10 
10 11 
8 12 
7 13 
13 14 
13 15 
15 16 
15 17 
-25 -8
5 3 
12 4 
13 5 
5 6 
6 8 
12 9 
12 10 
10 11 
8 12 
7 13 
13 14 
13 15 
15 16 
15 17 
15 18 
-25 -9
5 3 
12 4 
13 5 
5 6 
6 8 
12 10 
10 11 
8 12 
7 13 
13 14 
13 15 
15 16 
15 17 
15 18 
-25 -10
14 12 
12 13 
-26 -1
6 8 
12 10 
10 11 
13 15 
-26 -2
12 4 
5 6 
6 8 
12 10 
10 11 
13 15 
-26 -3
12 4 
5 6 
6 8 
12 10 
10 11 
13 15 
15 17 
-26 -4
5 3 
12 4 
13 5 
5 6 
6 8 
8 9 
12 10 
10 11 
8 12 
12 14 
13 15 
15 17 
-26 -5
5 3 
12 4 
13 5 
5 6 
6 8 
8 9 
12 10 
10 11 
8 12 
7 13 
17 14 
13 15 
13 16 
15 17 
-26 -6
5 3 
12 4 
13 5 
5 6 
6 8 
8 9 
12 10 
10 11 
8 12 
7 13 
17 14 
13 15 
15 17 
-26 -7
6 9 
-27 -1
4 5 
5 6 
6 9 
16 15 
-27 -2
4 5 
5 6 
9 11 
10 12 
15 13 
18 14 
16 15 
15 17 
16 18 
-27 -3
4 5 
5 6 
9 11 
10 12 
15 13 
18 14 
16 18 
-27 -4
10 4 
4 5 
5 6 
12 8 
13 10 
9 11 
10 12 
15 13 
17 15 
17 16 
16 18 
-27 -5
4 5 
5 6 
10 7 
12 8 
10 12 
15 13 
17 15 
15 16 
16 18 
-27 -6
5 2 
5 3 
4 5 
5 6 
11 7 
12 8 
11 10 
10 12 
15 13 
17 15 
15 16 
16 18 
-27 -7
5 2 
4 5 
5 6 
11 7 
12 8 
11 9 
11 10 
10 12 
15 13 
13 14 
17 15 
15 16 
16 18 
-27 -8
6 4 
9 6 
10 12 
-28 -1
4 3 
6 4 
14 7 
10 12 
12 15 
-28 -2
4 3 
6 4 
6 5 
5 11 
10 12 
12 15 
-28 -3
4 3 
6 4 
6 5 
12 8 
10 12 
12 14 
12 15 
15 17 
-28 -4
4 3 
6 4 
6 5 
9 6 
10 9 
10 12 
12 14 
12 15 
15 16 
15 17 
17 18 
-28 -5
6 2 
4 3 
6 4 
6 5 
12 6 
10 9 
8 10 
9 11 
10 12 
15 16 
15 17 
17 18 
18 19 
-28 -6
4 3 
6 4 
6 5 
12 6 
8 7 
10 9 
9 11 
9 12 
9 13 
13 14 
15 16 
15 17 
17 18 
18 19 
-28 -7
6 2 
6 4 
6 5 
8 7 
12 8 
8 10 
10 11 
9 12 
9 13 
13 14 
15 16 
15 17 
16 18 
18 19 
-28 -8
6 2 
7 3 
6 4 
6 5 
8 7 
9 12 
13 14 
15 16 
15 17 
16 18 
18 19 
-28 -9
6 4 
17 7 
-29 -1
6 4 
14 11 
17 15 
13 19 
-29 -2
4 3 
6 4 
4 5 
6 8 
7 11 
13 19 
-29 -3
4 3 
6 4 
4 5 
6 8 
19 16 
17 18 
13 19 
-29 -4
4 3 
6 4 
4 5 
6 8 
16 10 
13 15 
19 16 
17 18 
13 19 
-29 -5
4 3 
6 4 
4 5 
8 7 
10 11 
11 12 
13 15 
18 16 
17 18 
-29 -6
4 3 
6 4 
4 5 
12 6 
8 7 
12 9 
10 11 
11 12 
7 14 
13 15 
18 16 
17 18 
-29 -7
4 3 
6 4 
4 5 
12 6 
8 7 
11 8 
12 9 
10 11 
11 12 
10 13 
7 14 
13 15 
18 16 
17 18 
-29 -8
6 4 
4 5 
12 6 
8 7 
11 8 
12 9 
10 11 
11 12 
10 13 
7 14 
13 15 
18 16 
17 18 
-29 -9
4 2 
6 4 
4 5 
12 6 
8 7 
11 8 
12 9 
10 11 
11 12 
10 13 
7 14 
13 15 
18 16 
17 18 
-29 -10
14 7 
16 15 
-2 -1
12 3 
6 4 
4 5 
14 7 
12 8 
7 9 
16 15 
18 17 
3 18 
-2 -2
6 4 
4 5 
3 6 
12 8 
7 9 
12 10 
12 11 
12 14 
18 17 
-2 -3
6 4 
4 5 
3 6 
8 7 
12 8 
7 9 
12 10 
12 11 
9 13 
18 17 
-2 -4
8 2 
6 4 
4 5 
3 6 
8 7 
12 8 
7 9 
12 10 
12 11 
14 12 
9 13 
18 17 
16 18 
-2 -5
8 2 
3 6 
8 7 
12 8 
12 10 
12 11 
14 12 
9 13 
16 15 
19 16 
18 17 
16 18 
-2 -6
8 2 
3 6 
8 7 
12 8 
12 9 
12 10 
12 11 
14 12 
9 13 
18 14 
16 15 
18 17 
16 18 
-2 -7
8 2 
3 6 
8 7 
12 8 
12 9 
12 10 
12 11 
14 12 
9 13 
18 14 
16 15 
15 17 
-2 -8
5 2 
17 3 
3 5 
4 6 
11 9 
9 10 
12 11 
-30 -1
5 2 
17 3 
3 5 
4 6 
11 9 
9 10 
12 11 
17 16 
-30 -2
5 2 
5 4 
3 5 
4 6 
11 9 
9 10 
12 11 
6 16 
12 17 
-30 -3
5 2 
3 5 
2 8 
11 9 
9 10 
12 11 
14 12 
16 15 
-30 -4
3 5 
11 9 
9 10 
12 11 
14 12 
15 13 
16 15 
-30 -5
7 8 
14 12 
16 15 
18 16 
17 18 
-30 -6
7 8 
14 12 
16 15 
18 16 
17 18 
-30 -7
7 8 
14 12 
16 15 
18 16 
17 18 
-30 -8
18 7 
7 8 
14 12 
16 15 
18 16 
17 18 
-30 -9
18 7 
7 8 
14 12 
16 15 
18 16 
17 18 
-30 -10
16 4 
-31 -1
5 2 
16 4 
11 5 
4 6 
9 7 
17 8 
13 9 
12 11 
13 15 
-31 -2
5 2 
6 5 
4 6 
9 7 
13 9 
9 11 
13 15 
-31 -3
5 2 
6 5 
4 6 
9 7 
13 9 
12 10 
13 15 
-31 -4
5 2 
4 3 
6 5 
4 6 
9 7 
13 9 
17 12 
13 15 
-31 -5
5 2 
4 3 
6 5 
4 6 
13 9 
12 10 
-31 -6
14 12 
12 13 
-32 -1
6 8 
12 10 
10 11 
13 15 
-32 -2
12 4 
5 6 
6 8 
12 10 
10 11 
13 15 
-32 -3
12 4 
5 6 
6 8 
12 10 
10 11 
13 15 
15 17 
-32 -4
5 3 
12 4 
13 5 
5 6 
6 8 
8 9 
12 10 
10 11 
8 12 
12 14 
13 15 
15 17 
-32 -5
5 3 
12 4 
13 5 
5 6 
6 8 
8 9 
12 10 
10 11 
8 12 
7 13 
17 14 
13 15 
13 16 
15 17 
-32 -6
5 3 
12 4 
13 5 
5 6 
6 8 
8 9 
12 10 
10 11 
8 12 
7 13 
17 14 
13 15 
15 17 
-32 -7
14 12 
12 13 
-33 -1
6 8 
12 10 
10 11 
13 15 
-33 -2
12 4 
5 6 
6 8 
12 10 
10 11 
13 15 
-33 -3
12 4 
5 6 
6 8 
12 10 
10 11 
13 15 
15 17 
-33 -4
5 3 
12 4 
13 5 
5 6 
6 8 
8 9 
12 10 
10 11 
8 12 
12 14 
13 15 
15 17 
-33 -5
5 3 
12 4 
13 5 
5 6 
6 8 
8 9 
12 10 
10 11 
8 12 
7 13 
17 14 
13 15 
13 16 
15 17 
-33 -6
5 3 
12 4 
13 5 
5 6 
6 8 
8 9 
12 10 
10 11 
8 12 
7 13 
17 14 
13 15 
15 16 
15 17 
-33 -7
5 3 
12 4 
13 5 
5 6 
6 8 
8 9 
12 10 
10 11 
8 12 
7 13 
13 14 
13 15 
15 16 
15 17 
-33 -8
5 3 
12 4 
13 5 
5 6 
6 8 
12 9 
12 10 
10 11 
8 12 
7 13 
13 14 
13 15 
15 16 
15 17 
15 18 
-33 -9
5 3 
12 4 
13 5 
5 6 
6 8 
12 10 
10 11 
8 12 
7 13 
13 14 
13 15 
15 16 
15 17 
15 18 
-33 -10
10 14 
18 16 
-34 -1
6 4 
10 14 
16 15 
18 16 
16 17 
-34 -2
5 3 
6 4 
16 15 
16 17 
7 19 
-34 -3
5 3 
6 4 
4 5 
10 9 
12 10 
10 11 
17 15 
16 17 
-34 -4
5 3 
6 4 
4 5 
10 9 
12 10 
10 11 
17 15 
16 17 
16 18 
-34 -5
5 3 
6 4 
4 5 
8 6 
15 8 
10 9 
12 10 
10 11 
14 13 
10 14 
17 15 
16 17 
16 18 
5 19 
-34 -6
5 3 
6 4 
4 5 
8 6 
15 8 
10 9 
12 10 
10 11 
14 13 
10 14 
17 15 
16 17 
16 18 
15 19 
-34 -7
5 3 
6 4 
4 5 
9 6 
10 9 
12 10 
10 11 
14 13 
10 14 
17 15 
16 17 
16 18 
15 19 
-34 -8
6 2 
5 3 
6 4 
4 5 
9 6 
14 8 
10 9 
10 11 
14 13 
17 15 
16 17 
16 18 
15 19 
-34 -9
6 2 
6 4 
4 5 
9 12 
14 13 
17 15 
16 17 
16 18 
15 19 
-34 -10
6 4 
9 6 
10 12 
-35 -1
4 3 
6 4 
14 7 
10 12 
12 15 
-35 -2
4 3 
6 4 
6 5 
5 11 
10 12 
12 15 
-35 -3
4 3 
6 4 
6 5 
12 8 
10 12 
12 14 
12 15 
15 17 
-35 -4
4 3 
6 4 
6 5 
9 6 
10 9 
10 12 
12 14 
12 15 
15 16 
15 17 
17 18 
-35 -5
6 2 
4 3 
6 4 
6 5 
12 6 
10 9 
8 10 
9 11 
10 12 
15 16 
15 17 
17 18 
18 19 
-35 -6
4 3 
6 4 
6 5 
12 6 
8 7 
10 9 
9 11 
9 12 
9 13 
13 14 
15 16 
15 17 
17 18 
18 19 
-35 -7
6 2 
6 4 
6 5 
8 7 
12 8 
8 10 
10 11 
9 12 
9 13 
13 14 
15 16 
15 17 
16 18 
18 19 
-35 -8
6 2 
7 3 
6 4 
6 5 
8 7 
9 12 
13 14 
15 16 
15 17 
16 18 
18 19 
-35 -9
17 5 
-36 -1
17 5 
8 6 
11 9 
12 11 
18 16 
-36 -2
4 3 
6 5 
8 6 
17 9 
12 11 
-36 -3
4 3 
5 4 
6 5 
8 6 
17 9 
11 10 
3 11 
10 12 
-36 -4
4 3 
5 4 
6 5 
8 6 
11 10 
10 12 
12 13 
17 15 
-36 -5
8 2 
4 3 
5 4 
6 5 
14 7 
11 10 
10 12 
12 13 
17 15 
-36 -6
4 3 
5 4 
6 5 
14 7 
13 8 
11 10 
10 12 
12 13 
2 14 
17 15 
16 18 
13 19 
-36 -7
6 4 
17 7 
-37 -1
6 4 
14 11 
17 15 
13 19 
-37 -2
4 3 
6 4 
4 5 
6 8 
7 11 
13 19 
-37 -3
4 3 
6 4 
4 5 
6 8 
19 16 
17 18 
13 19 
-37 -4
4 3 
6 4 
4 5 
6 8 
16 10 
13 15 
19 16 
17 18 
13 19 
-37 -5
4 3 
6 4 
4 5 
8 7 
10 11 
11 12 
13 15 
18 16 
17 18 
-37 -6
4 3 
6 4 
4 5 
12 6 
8 7 
12 9 
10 11 
11 12 
7 14 
13 15 
18 16 
17 18 
-37 -7
4 3 
6 4 
4 5 
12 6 
8 7 
11 8 
12 9 
10 11 
11 12 
10 13 
7 14 
13 15 
18 16 
17 18 
-37 -8
6 4 
4 5 
12 6 
8 7 
11 8 
12 9 
10 11 
11 12 
10 13 
7 14 
13 15 
18 16 
17 18 
-37 -9
4 2 
6 4 
4 5 
12 6 
8 7 
11 8 
12 9 
10 11 
11 12 
10 13 
7 14 
13 15 
18 16 
17 18 
-37 -10
16 4 
-38 -1
5 2 
16 4 
11 5 
4 6 
9 7 
17 8 
13 9 
12 11 
13 15 
-38 -2
5 2 
6 5 
4 6 
9 7 
13 9 
9 11 
13 15 
-38 -3
5 2 
6 5 
4 6 
9 7 
13 9 
12 10 
13 15 
-38 -4
5 2 
4 3 
6 5 
4 6 
9 7 
13 9 
17 12 
13 15 
-38 -5
5 2 
4 3 
6 5 
4 6 
13 9 
12 10 
-38 -6
6 4 
7 6 
14 12 
13 17 
-39 -1
6 4 
7 6 
10 9 
14 12 
-39 -2
6 4 
7 6 
10 9 
12 10 
14 12 
16 15 
-39 -3
6 2 
6 4 
7 6 
10 9 
12 10 
14 12 
16 15 
-39 -4
6 2 
6 4 
4 5 
7 6 
10 9 
12 10 
10 11 
14 12 
16 15 
15 17 
-39 -5
6 2 
6 4 
6 5 
7 6 
12 10 
16 15 
-39 -6
6 2 
6 4 
6 5 
7 6 
12 10 
9 11 
16 15 
15 17 
17 18 
-39 -7
6 2 
5 3 
6 4 
6 5 
7 6 
11 10 
16 15 
15 17 
17 18 
-39 -8
6 2 
5 3 
6 4 
6 5 
7 6 
8 7 
16 15 
15 17 
17 18 
13 19 
-39 -9
6 2 
5 3 
2 5 
8 7 
8 12 
16 15 
15 17 
17 18 
13 19 
-39 -10
6 12 
9 16 
15 17 
-3 -1
5 4 
6 5 
15 17 
-3 -2
12 2 
5 4 
6 5 
2 6 
11 10 
10 12 
15 16 
15 17 
-3 -3
12 2 
5 4 
6 5 
2 6 
12 8 
11 10 
10 12 
15 16 
15 17 
16 18 
-3 -4
12 2 
5 4 
6 5 
2 6 
12 8 
11 10 
10 12 
14 13 
15 16 
15 17 
16 18 
-3 -5
5 2 
3 5 
16 15 
18 16 
-40 -1
5 4 
5 6 
4 8 
10 9 
16 15 
18 16 
16 17 
-40 -2
5 4 
5 6 
4 8 
11 9 
12 10 
10 11 
14 12 
16 15 
18 16 
16 17 
-40 -3
12 2 
18 3 
5 4 
3 5 
4 6 
11 9 
12 10 
10 11 
18 12 
15 13 
16 15 
18 16 
15 17 
-40 -4
5 4 
3 5 
4 6 
13 7 
11 9 
12 10 
10 11 
15 13 
16 15 
18 16 
16 17 
-40 -5
5 4 
3 5 
4 6 
13 7 
11 9 
12 10 
10 11 
15 13 
16 15 
18 16 
16 17 
3 18 
-40 -6
5 4 
3 5 
4 6 
11 7 
7 8 
12 9 
12 10 
10 11 
10 13 
8 14 
16 15 
18 16 
16 17 
3 18 
-40 -7
12 9 
3 14 
16 15 
18 16 
16 17 
-40 -8
6 4 
9 6 
10 12 
-41 -1
4 3 
6 4 
14 7 
10 12 
12 15 
-41 -2
4 3 
6 4 
6 5 
5 11 
10 12 
12 15 
-41 -3
4 3 
6 4 
6 5 
12 8 
10 12 
12 14 
12 15 
15 17 
-41 -4
4 3 
6 4 
6 5 
9 6 
10 9 
10 12 
12 14 
12 15 
15 16 
15 17 
17 18 
-41 -5
6 2 
4 3 
6 4 
6 5 
12 6 
10 9 
8 10 
9 11 
10 12 
15 16 
15 17 
17 18 
18 19 
-41 -6
4 3 
6 4 
6 5 
12 6 
8 7 
10 9 
9 11 
9 12 
9 13 
13 14 
15 16 
15 17 
17 18 
18 19 
-41 -7
6 2 
6 4 
6 5 
8 7 
12 8 
8 10 
10 11 
9 12 
9 13 
13 14 
15 16 
15 17 
16 18 
18 19 
-41 -8
6 2 
7 3 
6 4 
6 5 
8 7 
9 12 
13 14 
15 16 
15 17 
16 18 
18 19 
-41 -9
6 4 
17 7 
-42 -1
6 4 
14 11 
17 15 
13 19 
-42 -2
4 3 
6 4 
4 5 
6 8 
7 11 
13 19 
-42 -3
4 3 
6 4 
4 5 
6 8 
19 16 
17 18 
13 19 
-42 -4
4 3 
6 4 
4 5 
6 8 
16 10 
13 15 
19 16 
17 18 
13 19 
-42 -5
4 3 
6 4 
4 5 
8 7 
10 11 
11 12 
13 15 
18 16 
17 18 
-42 -6
4 3 
6 4 
4 5 
12 6 
8 7 
12 9 
10 11 
11 12 
7 14 
13 15 
18 16 
17 18 
-42 -7
4 3 
6 4 
4 5 
12 6 
8 7 
11 8 
12 9 
10 11 
11 12 
10 13 
7 14 
13 15 
18 16 
17 18 
-42 -8
6 4 
4 5 
12 6 
8 7 
11 8 
12 9 
10 11 
11 12 
10 13 
7 14 
13 15 
18 16 
17 18 
-42 -9
4 2 
6 4 
4 5 
12 6 
8 7 
11 8 
12 9 
10 11 
11 12 
10 13 
7 14 
13 15 
18 16 
17 18 
-42 -10
16 4 
-43 -1
5 2 
16 4 
11 5 
4 6 
9 7 
17 8 
13 9 
12 11 
13 15 
-43 -2
5 2 
6 5 
4 6 
9 7 
13 9 
9 11 
13 15 
-43 -3
5 2 
6 5 
4 6 
9 7 
13 9 
12 10 
13 15 
-43 -4
5 2 
4 3 
6 5 
4 6 
9 7 
13 9 
17 12 
13 15 
-43 -5
5 2 
4 3 
6 5 
4 6 
13 9 
12 10 
-43 -6
6 4 
7 6 
14 12 
13 17 
-44 -1
6 4 
7 6 
10 9 
14 12 
-44 -2
6 4 
7 6 
10 9 
12 10 
14 12 
16 15 
-44 -3
6 2 
6 4 
7 6 
10 9 
12 10 
14 12 
16 15 
-44 -4
6 2 
6 4 
4 5 
7 6 
10 9 
12 10 
10 11 
14 12 
16 15 
15 17 
-44 -5
6 2 
6 4 
6 5 
7 6 
12 10 
16 15 
-44 -6
6 2 
6 4 
6 5 
7 6 
12 10 
9 11 
16 15 
15 17 
17 18 
-44 -7
6 2 
5 3 
6 4 
6 5 
7 6 
11 10 
16 15 
15 17 
17 18 
-44 -8
6 2 
5 3 
6 4 
6 5 
7 6 
8 7 
16 15 
15 17 
17 18 
13 19 
-44 -9
6 2 
5 3 
2 5 
8 7 
8 12 
16 15 
15 17 
17 18 
13 19 
-44 -10
6 4 
9 6 
10 12 
-45 -1
4 3 
6 4 
14 7 
10 12 
12 15 
-45 -2
4 3 
6 4 
6 5 
5 11 
10 12 
12 15 
-45 -3
4 3 
6 4 
6 5 
12 8 
10 12 
12 14 
12 15 
15 17 
-45 -4
4 3 
6 4 
6 5 
9 6 
10 9 
10 12 
12 14 
12 15 
15 16 
15 17 
17 18 
-45 -5
6 2 
4 3 
6 4 
6 5 
12 6 
10 9 
8 10 
9 11 
10 12 
15 16 
15 17 
17 18 
18 19 
-45 -6
4 3 
6 4 
6 5 
12 6 
8 7 
10 9 
9 11 
9 12 
9 13 
13 14 
15 16 
15 17 
17 18 
18 19 
-45 -7
6 2 
6 4 
6 5 
8 7 
12 8 
8 10 
10 11 
9 12 
9 13 
13 14 
15 16 
15 17 
16 18 
18 19 
-45 -8
6 2 
7 3 
6 4 
6 5 
8 7 
9 12 
13 14 
15 16 
15 17 
16 18 
18 19 
-45 -9
5 2 
3 5 
16 15 
18 16 
-46 -1
5 4 
5 6 
4 8 
10 9 
16 15 
18 16 
16 17 
-46 -2
5 4 
5 6 
4 8 
11 9 
12 10 
10 11 
14 12 
16 15 
18 16 
16 17 
-46 -3
12 2 
18 3 
5 4 
3 5 
4 6 
11 9 
12 10 
10 11 
18 12 
15 13 
16 15 
18 16 
15 17 
-46 -4
5 4 
3 5 
4 6 
13 7 
11 9 
12 10 
10 11 
15 13 
16 15 
18 16 
16 17 
-46 -5
5 4 
3 5 
4 6 
13 7 
11 9 
12 10 
10 11 
15 13 
16 15 
18 16 
16 17 
3 18 
-46 -6
5 4 
3 5 
4 6 
11 7 
7 8 
12 9 
12 10 
10 11 
10 13 
8 14 
16 15 
18 16 
16 17 
3 18 
-46 -7
12 9 
3 14 
16 15 
18 16 
16 17 
-46 -8
6 4 
16 15 
16 18 
-47 -1
18 2 
6 4 
9 7 
16 15 
16 18 
-47 -2
18 2 
6 4 
5 6 
9 7 
16 15 
15 17 
16 18 
-47 -3
6 4 
5 6 
9 7 
16 15 
15 17 
17 18 
-47 -4
5 2 
6 4 
5 6 
9 7 
12 10 
19 11 
3 13 
16 15 
15 17 
17 18 
-47 -5
5 2 
5 3 
6 4 
5 6 
9 7 
7 8 
12 10 
10 13 
8 14 
16 15 
15 17 
17 18 
-47 -6
5 2 
5 3 
6 4 
5 6 
9 7 
7 8 
12 10 
7 11 
11 12 
10 13 
18 14 
16 15 
15 17 
17 18 
-47 -7
5 2 
13 3 
6 4 
5 6 
9 7 
7 8 
12 10 
7 11 
7 12 
16 15 
15 17 
17 18 
-47 -8
12 3 
9 7 
7 8 
7 10 
7 11 
7 12 
16 15 
15 17 
17 18 
-47 -9
18 15 
-48 -1
6 2 
5 6 
15 13 
17 15 
-48 -2
6 2 
6 4 
5 6 
15 13 
17 15 
16 17 
-48 -3
6 2 
6 4 
5 6 
8 12 
17 15 
19 16 
16 17 
4 19 
-48 -4
6 2 
6 4 
5 6 
10 9 
4 10 
16 11 
9 14 
17 15 
19 16 
16 17 
16 18 
4 19 
-48 -5
6 2 
6 4 
5 6 
13 7 
10 9 
4 10 
16 11 
8 12 
17 15 
19 16 
16 17 
16 18 
4 19 
-48 -6
6 4 
8 6 
14 12 
15 13 
17 15 
18 16 
-49 -1
6 4 
8 6 
15 13 
17 15 
18 16 
16 17 
-49 -2
3 2 
6 4 
17 5 
8 6 
9 11 
15 13 
17 15 
18 16 
16 17 
-49 -3
3 2 
6 4 
2 5 
9 7 
13 8 
6 9 
10 12 
15 13 
17 15 
16 17 
-49 -4
3 2 
7 3 
6 4 
2 5 
9 7 
6 9 
10 12 
15 13 
17 15 
16 17 
-49 -5
3 2 
7 3 
6 4 
2 5 
9 7 
6 9 
10 12 
15 13 
11 14 
17 15 
16 17 
-49 -6
3 2 
7 3 
6 4 
2 5 
9 7 
6 9 
10 12 
15 13 
11 14 
17 15 
16 17 
12 18 
-49 -7
3 2 
7 3 
6 4 
2 5 
9 7 
6 9 
15 13 
11 14 
17 15 
16 17 
-49 -8
3 2 
6 4 
2 5 
9 7 
12 10 
15 13 
11 14 
17 15 
3 16 
16 17 
12 18 
-49 -9
3 2 
6 4 
2 5 
5 6 
9 7 
13 9 
12 10 
10 11 
15 13 
11 14 
17 15 
3 16 
16 17 
16 18 
16 19 
-49 -10
3 2 
6 4 
2 5 
5 6 
9 7 
7 8 
13 9 
12 10 
10 11 
17 12 
15 13 
17 15 
3 16 
16 17 
16 19 
-49 -11
6 4 
5 6 
9 7 
7 8 
13 9 
12 10 
10 11 
19 12 
15 13 
17 15 
16 17 
16 19 
-49 -12
6 4 
5 6 
9 7 
7 8 
13 9 
15 13 
17 15 
16 17 
16 19 
-49 -13
5 2 
17 3 
3 5 
4 6 
11 9 
9 10 
12 11 
-4 -1
5 2 
17 3 
3 5 
4 6 
11 9 
9 10 
12 11 
17 16 
-4 -2
5 2 
5 4 
3 5 
4 6 
11 9 
9 10 
12 11 
6 16 
12 17 
-4 -3
5 2 
3 5 
2 8 
11 9 
9 10 
12 11 
14 12 
16 15 
-4 -4
3 5 
11 9 
9 10 
12 11 
14 12 
15 13 
16 15 
-4 -5
7 8 
14 12 
16 15 
18 16 
17 18 
-4 -6
7 8 
14 12 
16 15 
18 16 
17 18 
-4 -7
7 8 
14 12 
16 15 
18 16 
17 18 
-4 -8
18 7 
7 8 
14 12 
16 15 
18 16 
17 18 
-4 -9
18 7 
7 8 
14 12 
16 15 
18 16 
17 18 
-4 -10
6 4 
8 6 
14 12 
15 13 
17 15 
18 16 
-50 -1
6 4 
8 6 
15 13 
17 15 
18 16 
16 17 
-50 -2
3 2 
6 4 
17 5 
8 6 
9 11 
15 13 
17 15 
18 16 
16 17 
-50 -3
3 2 
6 4 
2 5 
9 7 
13 8 
6 9 
10 12 
15 13 
17 15 
16 17 
-50 -4
3 2 
7 3 
6 4 
2 5 
9 7 
6 9 
10 12 
15 13 
17 15 
16 17 
-50 -5
3 2 
7 3 
6 4 
2 5 
9 7 
6 9 
10 12 
15 13 
11 14 
17 15 
16 17 
-50 -6
3 2 
7 3 
6 4 
2 5 
9 7 
6 9 
10 12 
15 13 
11 14 
17 15 
16 17 
12 18 
-50 -7
3 2 
7 3 
6 4 
2 5 
9 7 
6 9 
15 13 
11 14 
17 15 
16 17 
-50 -8
3 2 
6 4 
2 5 
9 7 
12 10 
15 13 
11 14 
17 15 
3 16 
16 17 
12 18 
-50 -9
3 2 
6 4 
2 5 
5 6 
9 7 
13 9 
12 10 
10 11 
15 13 
11 14 
17 15 
3 16 
16 17 
16 18 
16 19 
-50 -10
3 2 
6 4 
2 5 
5 6 
9 7 
7 8 
13 9 
12 10 
10 11 
17 12 
15 13 
17 15 
3 16 
16 17 
16 19 
-50 -11
6 4 
5 6 
9 7 
7 8 
13 9 
12 10 
10 11 
19 12 
15 13 
17 15 
16 17 
16 19 
-50 -12
6 4 
5 6 
9 7 
7 8 
13 9 
15 13 
17 15 
16 17 
16 19 
-50 -13
6 4 
16 15 
15 17 
16 19 
-5 -1
9 11 
19 14 
16 15 
15 17 
-5 -2
9 6 
11 10 
9 11 
10 12 
16 15 
15 17 
16 18 
-5 -3
9 4 
11 10 
9 11 
10 12 
16 15 
15 17 
16 18 
-5 -4
12 8 
11 10 
10 12 
16 15 
10 16 
15 17 
16 18 
-5 -5
10 7 
12 8 
11 10 
16 15 
15 17 
16 18 
-5 -6
14 12 
12 13 
-6 -1
6 8 
12 10 
10 11 
13 15 
-6 -2
12 4 
5 6 
6 8 
12 10 
10 11 
13 15 
-6 -3
12 4 
5 6 
6 8 
12 10 
10 11 
13 15 
15 17 
-6 -4
5 3 
12 4 
13 5 
5 6 
6 8 
8 9 
12 10 
10 11 
8 12 
12 14 
13 15 
15 17 
-6 -5
5 3 
12 4 
13 5 
5 6 
6 8 
8 9 
12 10 
10 11 
8 12 
7 13 
17 14 
13 15 
13 16 
15 17 
-6 -6
5 3 
12 4 
13 5 
5 6 
6 8 
8 9 
12 10 
10 11 
8 12 
7 13 
17 14 
13 15 
13 16 
15 17 
-6 -7
5 2 
5 3 
12 4 
13 5 
5 6 
6 8 
12 10 
10 11 
8 12 
7 13 
13 14 
13 15 
13 16 
15 17 
-6 -8
5 2 
5 3 
12 4 
13 5 
5 6 
6 8 
12 9 
12 10 
10 11 
8 12 
7 13 
13 14 
13 15 
13 16 
15 17 
-6 -9
6 12 
9 16 
15 17 
-7 -1
5 4 
6 5 
15 17 
-7 -2
12 2 
5 4 
6 5 
2 6 
11 10 
10 12 
15 16 
15 17 
-7 -3
12 2 
5 4 
6 5 
2 6 
12 8 
11 10 
10 12 
15 16 
15 17 
16 18 
-7 -4
12 2 
5 4 
6 5 
2 6 
12 8 
11 10 
10 12 
14 13 
15 16 
15 17 
16 18 
-7 -5
5 2 
17 3 
3 5 
4 6 
11 9 
9 10 
12 11 
-8 -1
5 2 
17 3 
3 5 
4 6 
11 9 
9 10 
12 11 
17 16 
-8 -2
5 2 
5 4 
3 5 
4 6 
11 9 
9 10 
12 11 
6 16 
12 17 
-8 -3
5 2 
3 5 
2 8 
11 9 
9 10 
12 11 
14 12 
16 15 
-8 -4
3 5 
11 9 
9 10 
12 11 
14 12 
15 13 
16 15 
-8 -5
7 8 
14 12 
16 15 
18 16 
17 18 
-8 -6
7 8 
14 12 
16 15 
18 16 
17 18 
-8 -7
7 8 
14 12 
16 15 
18 16 
17 18 
-8 -8
18 7 
7 8 
14 12 
16 15 
18 16 
17 18 
-8 -9
18 7 
7 8 
14 12 
16 15 
18 16 
17 18 
-8 -10
14 12 
12 13 
-9 -1
6 8 
12 10 
10 11 
13 15 
-9 -2
12 4 
5 6 
6 8 
12 10 
10 11 
13 15 
-9 -3
12 4 
5 6 
6 8 
12 10 
10 11 
13 15 
15 17 
-9 -4
5 3 
12 4 
13 5 
5 6 
6 8 
8 9 
12 10 
10 11 
8 12 
12 14 
13 15 
15 17 
-9 -5
5 3 
12 4 
13 5 
5 6 
6 8 
8 9 
12 10 
10 11 
8 12 
7 13 
17 14 
13 15 
13 16 
15 17 
-9 -6
5 3 
12 4 
13 5 
5 6 
6 8 
8 9 
12 10 
10 11 
8 12 
7 13 
17 14 
13 15 
15 17 
-9 -7
