6 7 
11 10 
-10 -1
6 5 
11 10 
-10 -2
6 5 
11 10 
9 11 
-10 -3
5 6 
11 9 
11 10 
12 11 
15 16 
4 19 
-10 -4
2 1 
5 6 
12 9 
11 10 
9 11 
14 12 
14 13 
16 15 
1 19 
-10 -5
19 1 
1 2 
2 3 
5 6 
14 12 
13 14 
15 16 
-10 -6
1 2 
2 3 
5 6 
15 13 
13 14 
15 16 
1 19 
-10 -7
19 1 
1 2 
5 6 
15 16 
-10 -8
1 2 
5 6 
14 13 
15 16 
1 19 
-10 -9
19 15 
-11 -1
5 4 
-11 -2
5 4 
5 6 
8 9 
-11 -3
4 5 
5 6 
16 15 
18 16 
-11 -4
5 4 
6 5 
2 7 
11 10 
16 15 
-11 -5
16 0 
4 5 
5 6 
10 11 
10 12 
14 15 
15 16 
-11 -6
16 0 
6 3 
5 4 
5 6 
11 9 
10 11 
10 12 
15 14 
15 16 
17 18 
-11 -7
16 0 
14 2 
5 4 
6 5 
3 6 
11 9 
10 11 
10 12 
14 15 
15 16 
18 17 
-11 -8
16 0 
4 3 
6 4 
5 6 
17 7 
11 10 
9 11 
10 12 
14 15 
15 16 
-11 -9
16 0 
4 2 
4 5 
4 6 
17 7 
7 8 
11 9 
11 10 
10 12 
15 16 
-11 -10
15 0 
5 4 
6 5 
8 7 
10 9 
11 10 
10 12 
15 16 
-11 -11
15 12 
10 17 
-12 -1
14 9 
17 10 
10 11 
15 12 
12 14 
16 17 
-12 -2
17 5 
5 6 
14 9 
17 10 
10 11 
15 12 
12 14 
15 16 
16 17 
-12 -3
17 5 
5 6 
14 9 
9 10 
10 11 
15 12 
12 14 
15 16 
16 17 
12 19 
-12 -4
16 5 
5 6 
7 8 
9 10 
10 11 
14 12 
9 14 
12 15 
15 16 
16 17 
12 19 
-12 -5
5 6 
7 8 
11 10 
9 11 
14 12 
9 14 
12 15 
17 16 
12 19 
-12 -6
8 2 
8 7 
14 9 
9 10 
10 11 
8 12 
9 13 
12 14 
-12 -7
10 11 
-13 -1
16 1 
15 8 
12 10 
10 11 
12 13 
-13 -2
16 1 
12 10 
10 11 
13 12 
15 13 
8 15 
-13 -3
3 2 
4 5 
9 7 
15 8 
12 9 
12 10 
10 11 
13 12 
1 16 
-13 -4
16 1 
5 4 
7 5 
10 6 
9 7 
15 8 
11 9 
12 10 
10 11 
13 12 
-13 -5
17 0 
16 1 
5 3 
5 4 
17 5 
10 6 
9 7 
11 9 
10 11 
10 12 
12 13 
18 17 
-13 -6
5 3 
3 4 
17 5 
11 6 
8 7 
7 9 
11 10 
9 11 
10 12 
12 13 
1 16 
17 18 
-13 -7
16 1 
5 3 
3 4 
17 5 
9 7 
7 8 
10 9 
10 11 
10 12 
12 13 
18 17 
-13 -8
16 1 
5 3 
3 4 
17 5 
9 7 
7 8 
11 9 
12 10 
10 11 
9 13 
15 16 
17 18 
-13 -9
16 1 
3 4 
7 8 
7 9 
12 10 
10 11 
9 12 
15 16 
17 18 
-13 -10
11 0 
13 6 
16 18 
-14 -1
11 0 
13 6 
18 16 
-14 -2
11 0 
15 2 
15 3 
6 13 
16 15 
14 16 
16 18 
-14 -3
11 0 
4 1 
15 3 
16 15 
18 16 
19 18 
-14 -4
4 3 
0 11 
16 15 
18 16 
16 17 
19 18 
-14 -5
11 0 
4 3 
18 15 
18 16 
16 17 
19 18 
-14 -6
11 0 
4 3 
18 15 
18 16 
16 17 
15 19 
-14 -7
10 0 
4 3 
17 6 
0 11 
18 15 
16 17 
16 18 
15 19 
-14 -8
11 0 
12 2 
3 4 
17 6 
0 10 
16 15 
16 17 
16 18 
15 19 
-14 -9
10 0 
12 2 
3 4 
0 11 
17 15 
17 16 
17 18 
15 19 
-14 -10
2 1 
12 2 
4 3 
0 10 
0 11 
10 12 
19 15 
17 16 
15 17 
17 18 
-14 -11
10 0 
2 1 
4 3 
0 9 
0 11 
10 12 
18 15 
17 16 
18 17 
15 19 
-14 -12
10 0 
2 1 
4 3 
0 9 
0 11 
10 12 
17 16 
18 17 
15 18 
15 19 
-14 -13
10 0 
2 1 
4 3 
0 9 
12 10 
0 11 
17 16 
18 17 
15 18 
15 19 
-14 -14
10 0 
2 1 
8 2 
4 3 
11 9 
12 10 
0 11 
16 15 
17 16 
18 17 
15 19 
-14 -15
11 0 
2 1 
11 2 
4 3 
11 9 
12 10 
10 11 
13 14 
-14 -16
11 0 
2 1 
11 2 
3 4 
11 9 
11 10 
11 12 
14 13 
-14 -17
10 0 
2 1 
10 2 
3 4 
3 8 
10 9 
11 10 
10 12 
14 13 
-14 -18
11 0 
2 1 
10 2 
13 3 
3 4 
3 8 
11 9 
11 10 
12 11 
3 12 
14 13 
-14 -19
16 3 
11 9 
-15 -1
11 9 
16 17 
-15 -2
5 6 
11 10 
9 11 
3 12 
16 15 
16 17 
15 18 
-15 -3
2 0 
3 1 
5 6 
11 9 
10 11 
18 15 
15 16 
16 17 
-15 -4
2 0 
3 1 
4 3 
5 6 
11 9 
11 10 
10 12 
15 16 
16 17 
16 18 
-15 -5
3 1 
0 2 
4 3 
1 7 
6 8 
10 9 
12 10 
9 11 
16 15 
16 17 
16 18 
-15 -6
2 0 
7 1 
9 7 
6 8 
11 10 
9 11 
10 12 
16 15 
18 16 
15 17 
7 18 
15 19 
-15 -7
2 0 
7 1 
9 7 
11 10 
9 11 
10 12 
18 15 
15 16 
15 17 
7 18 
15 19 
-15 -8
9 0 
7 1 
0 2 
7 9 
11 10 
9 11 
10 12 
18 15 
15 16 
15 17 
7 18 
15 19 
-15 -9
9 0 
7 1 
0 2 
9 7 
12 9 
11 10 
9 11 
15 16 
15 17 
15 19 
-15 -10
12 0 
7 1 
0 2 
9 7 
13 9 
9 10 
9 11 
9 12 
15 16 
15 17 
15 19 
-15 -11
12 0 
7 1 
0 2 
9 7 
9 10 
9 11 
9 12 
7 13 
19 15 
19 16 
15 17 
-15 -12
0 2 
16 15 
17 16 
19 17 
-15 -13
6 5 
-16 -1
6 5 
13 12 
2 16 
-16 -2
16 2 
4 5 
5 6 
13 12 
15 16 
14 18 
-16 -3
16 2 
5 4 
6 5 
6 7 
12 10 
13 12 
16 15 
14 18 
6 19 
-16 -4
17 0 
16 2 
4 5 
5 6 
12 10 
12 11 
12 13 
18 14 
6 19 
-16 -5
16 2 
4 5 
5 6 
12 10 
13 11 
12 13 
17 15 
15 16 
14 18 
6 19 
-16 -6
16 2 
5 3 
5 4 
6 5 
12 10 
13 11 
13 12 
15 13 
13 14 
17 15 
15 16 
14 18 
6 19 
-16 -7
16 2 
5 3 
5 4 
6 5 
12 10 
13 11 
13 12 
14 13 
13 15 
15 16 
15 17 
14 18 
6 19 
-16 -8
16 2 
5 3 
5 4 
6 5 
19 6 
12 7 
12 10 
13 12 
18 14 
13 15 
15 16 
15 17 
17 18 
-16 -9
16 2 
5 3 
5 4 
5 6 
7 8 
15 13 
17 15 
15 16 
18 17 
14 18 
6 19 
-16 -10
16 2 
6 3 
5 4 
3 5 
8 7 
16 15 
15 17 
17 18 
-16 -11
6 3 
5 4 
3 5 
14 8 
12 9 
17 18 
-16 -12
14 1 
11 6 
11 10 
19 17 
-17 -1
6 5 
11 6 
10 11 
1 14 
17 19 
-17 -2
11 1 
6 5 
11 10 
6 11 
10 12 
1 14 
17 15 
17 19 
-17 -3
14 1 
6 5 
11 6 
7 9 
11 10 
1 11 
10 12 
18 13 
15 14 
17 15 
17 19 
-17 -4
14 1 
6 5 
11 6 
1 10 
10 11 
10 12 
15 14 
17 16 
15 17 
13 18 
17 19 
-17 -5
14 1 
6 5 
10 6 
9 7 
11 10 
10 12 
18 13 
15 14 
16 15 
15 17 
14 18 
17 19 
-17 -6
14 1 
10 5 
10 6 
12 9 
10 11 
10 12 
18 13 
16 14 
16 15 
19 16 
16 17 
14 18 
-17 -7
14 1 
10 5 
10 6 
8 7 
12 9 
11 10 
12 11 
15 16 
15 17 
13 18 
16 19 
-17 -8
14 1 
10 5 
10 6 
8 7 
11 10 
12 11 
9 12 
16 15 
17 16 
13 18 
15 19 
-17 -9
12 1 
15 4 
6 7 
17 8 
-18 -1
12 1 
6 5 
6 7 
-18 -2
5 4 
5 6 
6 7 
14 11 
1 12 
-18 -3
12 1 
5 4 
6 5 
7 6 
7 9 
9 11 
4 13 
15 16 
11 17 
-18 -4
14 4 
4 5 
4 6 
6 7 
7 9 
14 12 
4 13 
-18 -5
6 4 
4 5 
7 6 
9 7 
11 9 
14 10 
4 13 
4 14 
16 17 
5 19 
-18 -6
4 3 
4 5 
4 6 
6 7 
7 9 
14 10 
9 11 
4 13 
4 14 
17 16 
-18 -7
4 3 
6 4 
4 5 
6 7 
7 9 
11 10 
9 11 
4 13 
10 14 
17 16 
-18 -8
4 3 
6 4 
4 5 
7 6 
9 7 
11 10 
9 11 
10 14 
15 16 
16 17 
-18 -9
4 3 
6 4 
4 5 
6 7 
7 8 
7 9 
11 10 
9 11 
10 14 
16 15 
16 17 
-18 -10
19 0 
8 2 
4 3 
6 4 
4 5 
7 6 
7 8 
7 9 
11 10 
9 11 
11 14 
16 15 
17 16 
17 18 
-18 -11
19 0 
8 2 
6 3 
6 4 
6 5 
6 7 
7 8 
7 9 
9 10 
9 11 
9 14 
16 15 
16 17 
17 18 
-18 -12
19 0 
8 2 
6 3 
6 4 
6 5 
7 6 
9 7 
7 8 
10 9 
11 10 
14 11 
14 13 
16 15 
18 16 
16 17 
-18 -13
19 0 
8 2 
6 3 
5 4 
6 5 
6 7 
7 8 
10 9 
11 10 
14 13 
10 14 
16 15 
17 16 
15 18 
-18 -14
8 2 
5 3 
5 4 
7 5 
5 6 
7 8 
10 9 
11 10 
14 11 
15 16 
16 17 
0 19 
-18 -15
13 4 
4 5 
-19 -1
13 4 
4 5 
5 6 
6 11 
-19 -2
13 4 
4 5 
5 6 
6 11 
16 18 
-19 -3
5 4 
6 5 
6 11 
16 18 
-19 -4
4 3 
5 4 
13 5 
5 6 
6 11 
16 18 
-19 -5
4 3 
5 4 
5 6 
0 10 
6 11 
5 13 
16 18 
-19 -6
5 3 
5 4 
5 6 
6 11 
5 13 
16 15 
18 16 
-19 -7
1 0 
5 3 
5 4 
6 5 
8 7 
6 11 
5 13 
13 15 
18 16 
-19 -8
0 1 
5 2 
4 5 
4 6 
8 7 
5 13 
13 15 
18 16 
-19 -9
1 0 
5 2 
5 4 
6 5 
7 8 
5 13 
13 15 
18 16 
-19 -10
1 0 
5 2 
5 4 
5 6 
7 8 
8 9 
18 13 
13 15 
18 16 
-19 -11
0 1 
4 2 
5 4 
5 6 
7 8 
18 13 
13 15 
16 18 
-19 -12
1 0 
8 7 
18 13 
13 15 
16 18 
-19 -13
0 1 
8 7 
13 15 
18 16 
13 18 
13 19 
-19 -14
1 0 
8 7 
9 8 
9 13 
13 15 
18 16 
13 18 
-19 -15
0 1 
7 8 
8 9 
8 13 
7 14 
-19 -16
7 8 
-1 -1
-1 -2
11 0 
9 1 
12 4 
16 10 
17 16 
17 18 
-1 -3
11 0 
12 4 
12 10 
11 12 
18 17 
-1 -4
10 0 
12 4 
12 10 
0 11 
18 17 
-1 -5
10 0 
12 4 
6 5 
12 10 
0 11 
-1 -6
5 6 
0 10 
0 11 
11 12 
12 17 
-1 -7
11 0 
5 6 
10 9 
0 10 
11 12 
-1 -8
11 0 
6 5 
0 10 
11 12 
-1 -9
5 6 
0 10 
0 11 
-1 -10
10 0 
4 2 
6 5 
5 7 
0 11 
15 13 
-1 -11
4 2 
5 6 
12 9 
13 14 
-1 -12
2 4 
5 6 
12 9 
13 14 
-1 -13
2 4 
6 5 
12 9 
-1 -14
-20 -1
6 4 
-20 -2
5 4 
12 5 
4 6 
-20 -3
6 4 
4 5 
6 9 
10 11 
-20 -4
5 3 
6 4 
4 5 
9 6 
11 10 
-20 -5
6 3 
6 4 
4 5 
9 6 
11 9 
11 10 
-20 -6
6 3 
6 4 
4 5 
9 6 
7 8 
11 10 
-20 -7
6 3 
5 4 
5 6 
8 7 
11 10 
-20 -8
6 3 
5 4 
5 6 
8 7 
18 17 
-20 -9
5 4 
5 6 
7 8 
18 17 
-20 -10
5 4 
5 6 
8 7 
18 17 
16 18 
-20 -11
5 4 
6 5 
8 7 
17 18 
-20 -12
13 1 
8 2 
-21 -1
13 1 
8 2 
11 10 
-21 -2
13 1 
8 2 
2 6 
8 9 
11 10 
8 11 
9 19 
-21 -3
13 1 
8 2 
2 6 
10 7 
9 8 
10 9 
11 10 
9 14 
9 19 
-21 -4
13 1 
8 2 
2 6 
10 7 
9 8 
10 9 
10 11 
14 12 
2 13 
9 14 
9 19 
-21 -5
13 1 
8 2 
6 5 
2 6 
10 7 
9 8 
9 10 
10 11 
14 12 
9 14 
9 19 
-21 -6
13 1 
8 2 
6 5 
8 6 
10 7 
9 8 
19 9 
11 10 
9 11 
14 12 
9 14 
-21 -7
16 1 
8 2 
6 5 
8 6 
9 7 
9 8 
14 9 
9 10 
9 11 
14 12 
1 13 
16 14 
9 19 
-21 -8
8 2 
6 3 
8 4 
6 5 
8 6 
9 7 
8 9 
11 10 
9 11 
14 12 
1 13 
9 14 
12 16 
18 17 
16 18 
9 19 
-21 -9
13 1 
8 2 
2 3 
6 5 
2 6 
9 7 
9 8 
9 10 
9 11 
14 12 
19 13 
9 14 
18 16 
18 17 
9 19 
-21 -10
13 1 
8 2 
8 6 
9 7 
19 8 
19 9 
9 10 
9 11 
14 12 
19 13 
9 14 
18 16 
13 17 
17 18 
-21 -11
13 1 
8 2 
8 6 
2 7 
14 8 
14 9 
8 10 
8 11 
14 12 
14 13 
18 16 
18 17 
14 19 
-21 -12
13 1 
8 2 
8 6 
8 7 
14 8 
14 9 
11 10 
14 11 
14 12 
13 14 
18 17 
9 19 
-21 -13
7 0 
8 1 
10 11 
-22 -1
16 0 
8 1 
0 7 
11 10 
0 12 
16 17 
-22 -2
16 0 
12 1 
0 7 
1 8 
9 10 
10 11 
0 12 
16 17 
15 19 
-22 -3
7 0 
18 1 
17 3 
6 5 
12 7 
1 8 
9 10 
10 11 
1 12 
16 15 
16 17 
16 18 
15 19 
-22 -4
7 0 
8 1 
13 2 
17 3 
3 5 
5 6 
12 7 
6 8 
10 9 
11 10 
12 11 
1 12 
16 15 
17 16 
16 18 
15 19 
-22 -5
7 0 
12 1 
6 5 
8 6 
1 8 
10 9 
12 10 
12 11 
7 12 
19 15 
15 16 
16 17 
17 18 
-22 -6
7 0 
12 1 
6 5 
8 6 
11 7 
1 8 
9 10 
12 11 
10 12 
18 15 
15 16 
16 17 
15 19 
-22 -7
7 0 
12 1 
6 5 
8 6 
11 7 
1 8 
12 11 
10 12 
13 14 
16 15 
17 16 
19 17 
19 18 
-22 -8
10 1 
7 4 
6 5 
8 6 
10 8 
11 10 
12 11 
7 12 
14 13 
16 15 
17 16 
19 17 
19 18 
-22 -9
11 8 
16 15 
-23 -1
8 11 
15 16 
-23 -2
8 9 
8 11 
11 12 
10 13 
15 16 
15 17 
-23 -3
11 8 
8 9 
9 10 
12 11 
15 16 
15 17 
-23 -4
13 2 
9 8 
9 10 
8 11 
11 12 
16 15 
15 17 
-23 -5
9 2 
11 8 
8 9 
9 10 
12 11 
2 13 
17 15 
15 16 
-23 -6
9 2 
4 3 
9 4 
9 8 
9 10 
8 11 
11 12 
2 13 
16 15 
17 16 
-23 -7
9 2 
4 3 
9 4 
9 7 
8 9 
9 10 
10 11 
2 13 
16 15 
17 16 
-23 -8
4 3 
9 4 
9 7 
9 8 
2 9 
9 10 
10 11 
2 13 
13 14 
16 15 
17 16 
19 17 
-23 -9
3 4 
9 7 
9 8 
4 9 
8 10 
8 11 
9 12 
14 13 
15 16 
15 17 
17 19 
-23 -10
4 3 
9 7 
4 9 
14 13 
16 15 
17 16 
19 17 
-23 -11
15 5 
15 14 
-24 -1
15 5 
5 6 
15 12 
12 13 
14 15 
-24 -2
6 0 
15 5 
5 6 
15 12 
12 13 
15 14 
-24 -3
5 6 
12 10 
13 12 
6 13 
15 14 
5 15 
-24 -4
3 4 
6 5 
12 6 
3 7 
12 10 
10 11 
13 12 
15 14 
19 16 
19 17 
-24 -5
7 3 
3 4 
6 5 
13 6 
12 10 
10 11 
12 13 
14 15 
19 17 
16 19 
-24 -6
3 4 
4 5 
5 6 
3 7 
12 10 
10 11 
13 12 
6 13 
15 14 
16 19 
-24 -7
4 3 
5 4 
6 5 
3 7 
3 8 
10 9 
12 10 
10 11 
13 12 
6 13 
15 14 
6 15 
19 16 
-24 -8
7 3 
4 5 
5 6 
3 8 
10 9 
12 10 
10 11 
13 12 
6 13 
15 14 
19 16 
-24 -9
4 2 
8 3 
5 4 
6 5 
13 6 
3 7 
6 8 
10 9 
12 10 
12 11 
12 13 
15 14 
12 15 
-24 -10
5 2 
8 3 
5 4 
5 6 
3 7 
10 9 
12 10 
10 11 
12 13 
15 14 
12 15 
13 19 
-24 -11
4 2 
5 4 
6 5 
10 9 
11 10 
12 11 
13 12 
15 14 
12 15 
-24 -12
4 2 
5 4 
6 5 
10 9 
11 10 
11 12 
12 13 
12 14 
12 15 
-24 -13
4 2 
5 4 
6 5 
9 8 
10 9 
11 10 
12 11 
14 12 
12 13 
12 15 
-24 -14
4 2 
5 4 
5 6 
9 7 
9 8 
12 9 
9 10 
9 11 
12 13 
12 14 
12 15 
13 18 
-24 -15
4 2 
5 4 
6 5 
9 7 
9 8 
11 9 
9 10 
12 11 
13 12 
18 13 
9 14 
9 19 
-24 -16
4 2 
5 4 
6 5 
9 7 
9 8 
12 9 
9 10 
9 11 
18 13 
9 14 
9 18 
9 19 
-24 -17
4 2 
5 4 
6 5 
9 8 
7 9 
11 10 
12 11 
9 12 
18 13 
9 14 
9 18 
9 19 
-24 -18
-24 -19
11 1 
-25 -1
11 1 
6 5 
6 14 
-25 -2
6 5 
14 6 
10 9 
1 11 
10 13 
1 15 
-25 -3
11 1 
15 3 
5 6 
10 9 
13 10 
6 11 
6 14 
16 15 
-25 -4
11 1 
15 3 
17 4 
6 5 
1 7 
10 9 
13 10 
6 11 
13 12 
6 13 
6 14 
16 15 
5 18 
-25 -5
7 1 
11 2 
15 3 
17 4 
6 5 
13 6 
10 9 
13 10 
1 11 
13 12 
11 13 
6 14 
16 15 
5 18 
-25 -6
13 1 
11 2 
15 3 
17 4 
6 5 
1 7 
10 9 
13 10 
6 11 
13 12 
11 13 
6 14 
15 16 
18 17 
5 18 
-25 -7
4 3 
17 4 
9 5 
16 7 
10 9 
11 10 
13 11 
18 13 
3 15 
15 16 
17 18 
-25 -8
15 3 
3 4 
16 7 
15 16 
-25 -9
14 0 
-26 -1
14 0 
16 15 
14 19 
-26 -2
14 0 
12 13 
16 15 
14 19 
-26 -3
14 0 
13 12 
19 14 
16 15 
-26 -4
14 0 
6 5 
12 13 
19 14 
16 15 
11 18 
-26 -5
13 0 
6 5 
13 8 
12 10 
12 11 
13 12 
0 14 
16 15 
11 18 
14 19 
-26 -6
14 0 
5 6 
13 8 
15 9 
12 10 
12 11 
13 12 
0 13 
15 16 
14 19 
-26 -7
13 0 
6 2 
14 4 
4 5 
13 8 
12 10 
12 11 
13 12 
0 14 
18 15 
15 16 
14 19 
-26 -8
13 0 
14 4 
4 5 
13 8 
12 10 
12 11 
13 12 
0 14 
16 15 
13 16 
15 18 
14 19 
-26 -9
13 0 
14 4 
11 9 
12 10 
12 11 
13 12 
8 13 
0 14 
16 15 
15 18 
14 19 
-26 -10
13 0 
13 8 
11 9 
12 10 
12 11 
12 13 
0 14 
16 15 
14 19 
-26 -11
14 0 
0 4 
13 8 
11 9 
12 10 
12 11 
13 12 
0 13 
19 14 
-26 -12
18 2 
15 16 
-27 -1
6 4 
19 8 
10 11 
16 15 
2 18 
-27 -2
13 0 
6 4 
6 5 
11 10 
13 12 
15 16 
2 18 
-27 -3
6 4 
6 5 
11 10 
13 12 
16 15 
2 18 
-27 -4
18 2 
6 4 
3 5 
5 6 
6 8 
11 10 
12 13 
10 14 
16 15 
-27 -5
18 2 
5 3 
6 4 
6 5 
6 8 
10 9 
14 10 
10 11 
13 12 
15 13 
16 15 
-27 -6
2 1 
18 2 
5 3 
6 4 
5 6 
6 8 
10 9 
14 10 
10 11 
13 12 
15 16 
-27 -7
2 1 
18 2 
5 3 
6 4 
6 5 
6 8 
10 9 
14 10 
10 11 
13 12 
10 15 
15 16 
16 18 
-27 -8
18 1 
18 2 
5 3 
6 4 
6 5 
8 6 
10 9 
14 10 
10 11 
13 12 
10 15 
15 16 
16 18 
-27 -9
18 1 
18 2 
6 3 
6 4 
5 6 
5 8 
10 9 
15 10 
10 11 
4 12 
12 13 
10 14 
15 16 
16 17 
17 18 
-27 -10
2 1 
18 2 
6 3 
6 4 
6 5 
5 8 
9 10 
10 11 
12 13 
17 14 
19 15 
15 16 
16 17 
17 18 
-27 -11
18 1 
18 2 
6 3 
5 4 
18 5 
5 6 
6 8 
17 14 
17 15 
15 16 
17 18 
17 19 
-27 -12
2 1 
18 2 
6 3 
4 5 
5 6 
6 8 
8 14 
17 15 
15 16 
14 17 
17 18 
17 19 
-27 -13
6 5 
-28 -1
6 5 
13 12 
2 16 
-28 -2
16 2 
4 5 
5 6 
13 12 
15 16 
14 18 
-28 -3
16 2 
5 4 
6 5 
6 7 
12 10 
13 12 
16 15 
14 18 
6 19 
-28 -4
17 0 
16 2 
4 5 
5 6 
12 10 
12 11 
12 13 
18 14 
6 19 
-28 -5
16 2 
4 5 
5 6 
12 10 
13 11 
12 13 
17 15 
15 16 
14 18 
6 19 
-28 -6
16 2 
5 3 
5 4 
6 5 
12 10 
13 11 
13 12 
15 13 
13 14 
17 15 
15 16 
14 18 
6 19 
-28 -7
16 2 
5 3 
5 4 
6 5 
12 10 
13 11 
13 12 
14 13 
13 15 
15 16 
15 17 
14 18 
6 19 
-28 -8
16 2 
5 3 
5 4 
6 5 
19 6 
12 7 
12 10 
13 12 
18 14 
13 15 
15 16 
15 17 
17 18 
-28 -9
16 2 
5 3 
5 4 
5 6 
7 8 
15 13 
17 15 
15 16 
18 17 
14 18 
6 19 
-28 -10
16 2 
6 3 
5 4 
3 5 
8 7 
16 15 
15 17 
17 18 
-28 -11
6 3 
5 4 
3 5 
14 8 
12 9 
17 18 
-28 -12
11 7 
17 18 
-29 -1
7 11 
18 17 
-29 -2
5 6 
11 7 
12 15 
-29 -3
7 11 
12 15 
-29 -4
8 6 
11 7 
15 12 
6 14 
17 15 
-29 -5
8 6 
11 7 
7 8 
-29 -6
8 6 
7 8 
7 11 
15 14 
15 16 
-29 -7
3 4 
8 6 
7 8 
7 11 
12 13 
15 14 
15 16 
-29 -8
19 2 
4 3 
8 6 
11 7 
7 8 
13 12 
15 16 
-29 -9
7 1 
4 3 
8 6 
7 8 
-29 -10
3 4 
8 6 
1 7 
7 8 
8 12 
-29 -11
7 1 
8 7 
6 8 
9 10 
9 11 
6 12 
-29 -12
2 1 
3 9 
11 10 
-2 -1
2 1 
3 9 
11 10 
4 17 
-2 -2
2 1 
9 3 
17 4 
6 5 
11 10 
9 11 
15 13 
17 15 
9 16 
4 18 
-2 -3
2 1 
17 4 
5 6 
10 9 
11 10 
12 11 
15 13 
15 17 
-2 -4
1 2 
5 6 
11 9 
10 11 
11 12 
15 13 
15 17 
-2 -5
2 1 
9 10 
10 11 
11 12 
15 13 
15 17 
15 18 
-2 -6
2 1 
11 9 
11 10 
11 12 
15 13 
17 15 
17 16 
15 18 
15 19 
-2 -7
1 2 
18 8 
15 13 
19 15 
18 16 
16 17 
15 18 
-2 -8
13 1 
1 2 
18 8 
18 15 
-2 -9
13 1 
1 2 
18 8 
-2 -10
11 3 
-30 -1
11 3 
19 11 
9 18 
-30 -2
19 11 
-30 -3
10 7 
11 10 
18 15 
11 19 
-30 -4
1 3 
10 7 
15 10 
10 11 
11 19 
-30 -5
1 2 
1 3 
10 7 
2 8 
11 10 
19 11 
1 13 
10 15 
-30 -6
2 1 
1 3 
11 7 
2 8 
11 10 
1 13 
11 19 
-30 -7
13 1 
1 2 
1 3 
10 7 
2 8 
12 10 
10 11 
-30 -8
13 1 
1 2 
13 3 
2 8 
7 10 
10 11 
10 12 
-30 -9
1 2 
10 7 
2 8 
12 10 
10 11 
1 13 
19 15 
-30 -10
13 1 
1 2 
10 7 
2 8 
12 10 
10 11 
8 12 
-30 -11
-31 -1
6 5 
8 9 
8 11 
-31 -2
6 5 
9 8 
18 9 
-31 -3
6 5 
8 9 
19 14 
17 15 
9 18 
-31 -4
6 5 
8 6 
13 7 
8 9 
17 15 
16 17 
9 18 
14 19 
-31 -5
5 6 
6 8 
8 9 
19 14 
17 16 
15 17 
-31 -6
6 5 
8 6 
8 9 
11 14 
17 16 
15 17 
16 18 
14 19 
-31 -7
8 0 
9 2 
6 5 
8 6 
9 8 
11 14 
17 15 
18 16 
16 17 
14 19 
-31 -8
8 0 
6 4 
6 5 
8 6 
9 8 
11 14 
17 16 
15 17 
16 18 
14 19 
-31 -9
6 4 
6 5 
9 6 
6 8 
14 11 
15 13 
17 15 
17 16 
16 18 
14 19 
-31 -10
6 2 
6 4 
6 5 
15 6 
9 7 
6 8 
6 9 
14 11 
15 13 
19 14 
17 15 
16 17 
16 18 
6 19 
-31 -11
9 2 
8 6 
15 7 
19 8 
8 9 
14 11 
15 13 
16 15 
8 16 
15 17 
16 18 
14 19 
-31 -12
9 2 
15 7 
6 8 
8 9 
14 11 
15 13 
19 14 
8 15 
17 16 
15 17 
15 18 
6 19 
-31 -13
9 2 
15 7 
6 8 
8 9 
19 11 
15 13 
19 14 
8 15 
17 16 
15 17 
15 18 
6 19 
-31 -14
8 2 
8 6 
15 7 
15 8 
8 9 
15 13 
17 15 
15 16 
15 18 
14 19 
-31 -15
18 2 
8 6 
15 7 
15 9 
15 13 
19 14 
8 15 
8 16 
8 17 
8 18 
-31 -16
15 7 
-31 -17
11 10 
16 13 
-32 -1
10 11 
13 16 
10 18 
-32 -2
6 4 
10 11 
11 12 
9 16 
-32 -3
6 4 
4 5 
11 10 
9 16 
-32 -4
6 4 
4 5 
11 10 
9 11 
16 15 
10 16 
-32 -5
19 2 
6 4 
4 5 
19 6 
9 10 
9 11 
9 16 
-32 -6
19 2 
6 4 
4 5 
19 6 
5 8 
-32 -7
19 2 
4 5 
8 7 
-32 -8
5 4 
8 7 
2 19 
-32 -9
-33 -1
-33 -2
18 3 
-33 -3
10 9 
3 18 
-33 -4
3 0 
18 3 
6 5 
9 10 
18 13 
5 14 
-33 -5
3 0 
18 3 
5 6 
10 9 
13 18 
-33 -6
19 0 
18 3 
6 5 
9 10 
18 13 
16 17 
-33 -7
6 5 
9 10 
18 13 
0 19 
-33 -8
19 0 
18 3 
5 6 
10 9 
18 13 
17 15 
-33 -9
18 3 
5 6 
10 9 
18 13 
0 19 
-33 -10
19 0 
5 6 
7 8 
10 9 
18 13 
18 16 
-33 -11
19 0 
6 5 
4 6 
7 8 
16 14 
18 16 
13 18 
-33 -12
19 0 
6 4 
6 5 
7 8 
18 13 
16 18 
-33 -13
4 2 
6 5 
4 6 
7 8 
18 13 
16 18 
0 19 
-33 -14
19 0 
6 4 
6 5 
8 7 
16 18 
-33 -15
8 7 
16 18 
0 19 
-33 -16
-34 -1
11 10 
17 14 
14 16 
-34 -2
11 10 
12 11 
19 13 
17 14 
14 16 
-34 -3
11 10 
12 11 
14 16 
14 17 
13 19 
-34 -4
16 3 
4 5 
5 6 
10 11 
11 12 
19 13 
16 15 
14 16 
14 17 
-34 -5
4 3 
5 4 
5 6 
11 10 
12 11 
19 13 
16 15 
14 16 
14 17 
-34 -6
4 3 
6 4 
4 5 
11 10 
12 11 
14 13 
16 15 
14 16 
14 17 
13 19 
-34 -7
5 4 
6 5 
3 6 
11 10 
12 11 
19 13 
13 14 
16 15 
14 16 
14 17 
-34 -8
5 3 
5 4 
6 5 
11 10 
12 11 
19 13 
13 14 
16 15 
14 16 
16 17 
-34 -9
11 10 
-35 -1
10 11 
-35 -2
5 6 
11 10 
5 13 
-35 -3
13 5 
11 6 
11 10 
16 13 
16 15 
-35 -4
13 5 
5 6 
11 10 
5 14 
18 15 
15 16 
-35 -5
6 4 
6 5 
11 10 
6 11 
5 13 
5 14 
16 15 
17 16 
15 18 
-35 -6
6 4 
6 5 
11 6 
11 9 
11 10 
5 13 
5 14 
13 15 
15 16 
16 17 
15 18 
-35 -7
6 4 
6 5 
13 6 
11 9 
11 10 
6 11 
11 14 
13 15 
15 16 
15 17 
15 18 
-35 -8
6 2 
6 4 
13 5 
5 6 
10 9 
11 10 
6 11 
11 14 
15 16 
16 17 
15 18 
-35 -9
6 2 
5 4 
6 5 
11 6 
8 7 
2 8 
10 9 
11 10 
14 11 
5 13 
17 16 
15 17 
15 18 
-35 -10
9 1 
6 2 
2 4 
2 5 
18 6 
8 7 
2 8 
10 9 
11 10 
6 11 
2 13 
11 14 
17 16 
15 17 
15 18 
15 19 
-35 -11
4 5 
-36 -1
5 4 
17 8 
-36 -2
5 4 
6 5 
17 8 
7 12 
-36 -3
5 4 
3 5 
5 6 
17 8 
11 10 
7 12 
-36 -4
14 1 
5 3 
5 4 
5 6 
17 8 
11 10 
7 12 
18 15 
-36 -5
14 1 
16 2 
5 3 
5 4 
5 6 
13 7 
17 8 
5 9 
11 10 
7 12 
8 13 
8 14 
18 15 
-36 -6
14 1 
16 2 
5 3 
5 4 
6 5 
12 7 
17 8 
2 9 
9 10 
10 11 
1 12 
7 13 
8 14 
18 15 
16 17 
-36 -7
14 1 
9 2 
5 3 
5 4 
5 6 
12 7 
17 8 
9 10 
10 11 
10 12 
7 13 
8 14 
18 15 
2 16 
16 17 
-36 -8
14 1 
5 4 
3 5 
3 6 
12 7 
14 8 
2 9 
9 10 
10 11 
10 12 
2 14 
17 16 
8 17 
15 18 
-36 -9
14 1 
9 2 
6 3 
3 4 
3 5 
12 7 
17 8 
10 9 
10 11 
10 12 
8 14 
18 15 
17 16 
18 17 
9 18 
-36 -10
14 1 
9 2 
3 4 
3 5 
3 6 
12 7 
12 8 
18 9 
11 10 
12 11 
9 12 
8 14 
18 15 
17 16 
8 17 
-36 -11
14 1 
6 3 
3 4 
3 5 
12 7 
12 8 
12 10 
11 12 
8 14 
8 17 
15 18 
-36 -12
14 1 
3 4 
3 5 
3 6 
11 7 
1 8 
7 10 
8 11 
7 12 
18 15 
-36 -13
6 2 
6 3 
5 4 
6 5 
10 7 
12 8 
11 10 
11 12 
14 13 
-36 -14
6 2 
5 4 
6 5 
3 6 
8 7 
10 8 
11 10 
11 12 
14 13 
6 14 
-36 -15
2 0 
5 6 
16 19 
-37 -1
6 5 
9 7 
10 11 
19 16 
15 19 
-37 -2
5 6 
9 7 
11 10 
19 16 
-37 -3
5 6 
7 9 
11 10 
16 15 
19 16 
-37 -4
19 2 
5 6 
9 7 
11 10 
16 15 
17 18 
16 19 
-37 -5
16 2 
16 5 
5 6 
9 7 
10 9 
11 10 
15 14 
15 16 
18 17 
16 19 
-37 -6
16 1 
5 6 
9 7 
10 9 
11 10 
10 12 
15 14 
16 15 
16 17 
17 18 
16 19 
-37 -7
14 2 
3 4 
6 5 
9 7 
6 8 
9 10 
10 11 
9 12 
14 13 
15 14 
16 15 
15 17 
17 18 
16 19 
-37 -8
14 2 
3 4 
6 5 
9 7 
6 8 
10 9 
10 11 
11 12 
14 13 
16 14 
16 15 
16 17 
17 18 
16 19 
-37 -9
14 2 
4 3 
6 5 
8 6 
9 7 
9 10 
9 11 
10 12 
14 13 
16 14 
15 16 
15 17 
16 19 
-37 -10
14 2 
3 4 
6 5 
8 6 
9 7 
12 8 
12 9 
9 10 
9 11 
14 13 
16 15 
17 16 
19 17 
-37 -11
3 4 
8 6 
10 9 
11 10 
12 11 
14 13 
16 15 
17 16 
17 19 
-37 -12
4 3 
8 6 
10 9 
11 10 
12 11 
14 13 
16 15 
17 16 
15 19 
-37 -13
4 3 
8 6 
10 9 
11 10 
12 11 
13 14 
16 15 
17 16 
17 19 
-37 -14
4 3 
6 8 
10 9 
11 10 
12 11 
13 14 
16 15 
17 16 
19 17 
-37 -15
4 3 
6 8 
9 10 
9 11 
9 12 
6 13 
13 14 
16 15 
17 16 
15 19 
-37 -16
-38 -1
9 1 
14 12 
-38 -2
9 1 
5 2 
6 4 
5 6 
15 17 
-38 -3
9 1 
5 3 
6 4 
6 5 
10 9 
17 15 
15 16 
-38 -4
9 1 
5 3 
6 4 
6 5 
10 9 
15 16 
15 17 
-38 -5
9 1 
5 3 
4 5 
5 6 
9 7 
10 9 
4 10 
17 15 
15 16 
-38 -6
9 0 
9 1 
5 3 
5 4 
10 5 
5 6 
9 7 
9 10 
16 15 
15 17 
16 18 
-38 -7
1 0 
9 1 
5 3 
5 4 
6 5 
10 6 
9 7 
10 9 
10 11 
16 15 
15 17 
16 18 
-38 -8
5 4 
6 5 
2 6 
1 9 
9 10 
10 11 
2 13 
17 15 
16 17 
16 18 
-38 -9
6 2 
6 5 
4 6 
1 9 
9 10 
10 11 
2 13 
10 14 
16 15 
16 17 
16 18 
-38 -10
9 1 
13 2 
5 4 
6 5 
2 6 
15 8 
14 9 
9 10 
9 11 
17 15 
15 16 
16 18 
-38 -11
9 1 
6 2 
5 4 
6 5 
10 9 
11 10 
14 11 
6 13 
17 16 
18 17 
15 18 
-38 -12
9 1 
4 2 
5 4 
6 5 
10 9 
11 10 
14 11 
16 15 
17 16 
18 17 
-38 -13
13 2 
18 3 
-39 -1
18 3 
19 9 
11 10 
-39 -2
18 3 
7 6 
11 7 
19 9 
11 10 
10 12 
17 15 
-39 -3
11 9 
11 10 
10 12 
15 17 
3 18 
9 19 
-39 -4
6 5 
11 9 
10 11 
10 12 
11 14 
15 17 
3 18 
-39 -5
18 3 
6 5 
8 7 
11 9 
11 10 
10 12 
15 17 
-39 -6
5 6 
8 7 
11 9 
12 10 
10 11 
17 15 
3 18 
-39 -7
18 3 
6 5 
11 9 
12 10 
12 11 
-39 -8
5 6 
13 9 
12 10 
9 11 
11 12 
18 15 
3 18 
-39 -9
18 3 
6 5 
11 10 
9 11 
11 12 
9 13 
-39 -10
4 3 
5 4 
5 6 
11 9 
10 11 
11 12 
9 13 
18 14 
3 18 
-39 -11
4 3 
5 4 
6 5 
9 13 
3 18 
-39 -12
10 11 
15 12 
-3 -1
12 15 
-3 -2
14 4 
6 5 
15 12 
-3 -3
14 4 
5 6 
15 12 
17 15 
-3 -4
9 1 
14 4 
5 6 
15 12 
12 13 
19 16 
15 17 
-3 -5
9 1 
14 4 
6 5 
19 7 
9 8 
12 10 
15 11 
15 12 
12 13 
19 16 
15 17 
16 18 
-3 -6
14 4 
6 5 
19 7 
9 8 
12 10 
15 11 
13 12 
12 15 
18 16 
15 17 
-3 -7
14 4 
5 6 
19 7 
9 8 
12 9 
12 13 
16 18 
-3 -8
14 4 
6 5 
8 7 
9 8 
12 9 
13 12 
16 18 
7 19 
-3 -9
5 4 
3 5 
5 6 
8 7 
9 8 
12 9 
12 13 
4 14 
18 16 
7 19 
-3 -10
4 3 
6 5 
4 6 
8 7 
8 9 
9 12 
12 13 
4 14 
16 18 
7 19 
-3 -11
3 4 
4 5 
4 6 
19 7 
7 8 
12 9 
8 12 
18 16 
-3 -12
8 7 
12 9 
16 18 
-3 -13
11 10 
16 15 
-40 -1
5 7 
10 11 
0 12 
15 14 
16 15 
-40 -2
5 7 
10 9 
11 10 
15 14 
16 15 
-40 -3
9 4 
7 5 
9 10 
10 11 
15 14 
15 16 
-40 -4
7 5 
10 9 
10 11 
13 12 
15 13 
10 14 
14 15 
15 16 
-40 -5
13 1 
7 5 
4 8 
14 9 
9 10 
9 11 
13 12 
15 13 
15 14 
15 16 
16 17 
-40 -6
13 1 
5 4 
10 9 
11 10 
14 11 
13 12 
15 13 
15 14 
15 16 
16 17 
-40 -7
13 1 
4 5 
10 9 
11 10 
14 11 
13 12 
15 13 
15 14 
16 15 
16 17 
-40 -8
13 1 
5 4 
3 5 
8 7 
10 9 
11 10 
14 11 
13 12 
15 13 
14 15 
15 16 
16 17 
14 18 
-40 -9
8 7 
10 9 
11 10 
15 11 
13 12 
18 13 
15 14 
16 15 
16 17 
15 18 
-40 -10
11 0 
5 4 
-41 -1
11 0 
5 4 
7 6 
16 7 
12 19 
-41 -2
11 0 
1 2 
5 4 
3 5 
4 6 
16 7 
9 8 
19 12 
15 16 
-41 -3
11 0 
2 1 
11 2 
5 3 
6 4 
4 5 
16 7 
9 8 
15 16 
12 19 
-41 -4
2 1 
11 2 
5 3 
5 4 
4 6 
16 7 
9 8 
0 11 
19 12 
16 15 
7 17 
17 18 
-41 -5
11 0 
6 1 
1 2 
5 3 
5 4 
4 6 
8 9 
19 12 
15 13 
16 15 
7 16 
7 17 
17 18 
-41 -6
11 0 
16 1 
1 2 
5 3 
6 4 
4 5 
1 6 
9 8 
19 12 
15 13 
16 15 
7 16 
7 17 
17 18 
-41 -7
2 1 
6 2 
5 3 
5 4 
4 6 
15 7 
9 8 
0 11 
19 12 
15 13 
15 16 
7 17 
15 18 
-41 -8
2 1 
6 2 
6 3 
5 4 
6 5 
15 7 
8 9 
0 11 
19 12 
0 13 
13 15 
15 16 
15 17 
15 18 
11 19 
-41 -9
11 0 
2 1 
6 2 
6 3 
5 4 
6 5 
15 7 
8 9 
19 12 
15 13 
17 15 
15 16 
15 18 
10 19 
-41 -10
4 2 
5 4 
6 5 
9 8 
15 13 
18 15 
-41 -11
17 4 
19 12 
-42 -1
16 3 
17 4 
17 14 
-42 -2
6 1 
17 4 
6 5 
11 9 
17 14 
16 15 
-42 -3
6 1 
6 4 
6 5 
11 9 
17 14 
15 16 
4 17 
18 19 
-42 -4
6 1 
6 4 
6 5 
11 9 
17 14 
16 15 
4 17 
18 19 
-42 -5
4 3 
6 4 
6 5 
1 6 
11 9 
14 11 
15 16 
4 17 
19 18 
-42 -6
6 1 
4 3 
17 4 
6 5 
4 6 
11 9 
9 10 
14 11 
16 15 
18 17 
18 19 
-42 -7
6 1 
4 3 
17 4 
6 5 
4 6 
11 9 
9 10 
11 14 
16 15 
17 16 
17 18 
15 19 
-42 -8
6 1 
6 2 
6 4 
4 5 
15 6 
11 9 
9 10 
11 14 
15 16 
16 17 
16 18 
15 19 
-42 -9
6 2 
5 4 
6 5 
15 6 
10 9 
11 10 
11 14 
19 15 
15 16 
15 17 
15 18 
11 19 
-42 -10
5 4 
6 5 
2 6 
14 9 
9 10 
9 11 
18 13 
18 15 
17 16 
15 17 
15 19 
-42 -11
4 2 
5 4 
6 5 
10 9 
11 10 
14 11 
18 13 
13 14 
19 15 
15 16 
15 17 
-42 -12
4 2 
5 4 
6 5 
10 9 
11 10 
13 11 
14 13 
15 16 
15 17 
15 19 
-42 -13
4 2 
5 4 
6 5 
10 9 
11 10 
13 11 
14 13 
15 16 
15 17 
15 19 
-42 -14
-43 -1
19 3 
6 5 
3 8 
11 10 
17 16 
-43 -2
6 5 
11 10 
12 11 
17 15 
17 16 
3 19 
-43 -3
17 2 
19 3 
5 6 
11 10 
11 12 
17 15 
16 17 
-43 -4
8 1 
17 2 
19 3 
9 4 
4 5 
5 6 
10 9 
10 11 
11 12 
17 15 
17 16 
18 17 
-43 -5
8 1 
17 2 
4 5 
5 6 
10 9 
10 11 
11 12 
17 16 
15 17 
17 18 
3 19 
-43 -6
8 1 
17 2 
4 5 
5 6 
0 9 
9 10 
10 11 
11 12 
17 15 
17 16 
17 18 
17 19 
-43 -7
9 0 
17 2 
4 5 
4 6 
1 8 
10 9 
11 10 
12 11 
12 14 
17 15 
17 16 
17 18 
16 19 
-43 -8
9 0 
8 1 
17 2 
6 4 
5 6 
13 9 
11 10 
9 11 
11 12 
17 15 
16 17 
17 18 
16 19 
-43 -9
9 0 
8 1 
17 2 
5 4 
5 6 
8 7 
7 13 
17 16 
15 17 
17 18 
-43 -10
7 12 
-44 -1
0 3 
8 13 
-44 -2
0 3 
3 5 
5 6 
13 8 
10 9 
10 11 
-44 -3
3 0 
5 1 
6 5 
4 6 
4 9 
9 10 
12 11 
8 13 
-44 -4
6 4 
6 5 
13 8 
4 9 
12 11 
19 12 
-44 -5
5 3 
9 4 
4 5 
5 6 
13 8 
11 12 
12 19 
-44 -6
10 1 
5 4 
6 5 
6 9 
12 11 
19 12 
8 13 
-44 -7
19 0 
5 4 
6 5 
1 10 
12 11 
19 12 
8 13 
19 18 
-44 -8
6 4 
5 6 
8 7 
13 8 
1 10 
12 11 
18 15 
19 18 
12 19 
-44 -9
10 1 
5 4 
5 6 
8 7 
12 11 
8 13 
18 15 
19 18 
12 19 
-44 -10
5 4 
4 6 
7 8 
12 11 
19 12 
8 13 
18 14 
16 15 
15 18 
18 19 
-44 -11
11 10 
1 13 
4 16 
-45 -1
13 1 
14 4 
11 10 
12 14 
4 16 
-45 -2
13 1 
5 6 
19 7 
11 10 
14 12 
4 14 
5 15 
4 16 
15 17 
-45 -3
5 2 
16 4 
6 5 
11 10 
14 12 
1 13 
4 14 
17 15 
-45 -4
13 1 
16 4 
6 5 
10 11 
14 12 
4 14 
15 17 
-45 -5
15 0 
13 1 
16 3 
16 4 
14 5 
5 6 
15 9 
16 10 
10 11 
14 12 
4 14 
16 15 
15 17 
-45 -6
15 0 
13 1 
4 2 
4 3 
16 4 
4 5 
5 6 
10 9 
16 10 
10 11 
14 12 
4 14 
16 15 
15 17 
-45 -7
15 0 
4 3 
16 4 
6 5 
10 9 
15 10 
10 11 
14 12 
1 13 
4 14 
16 15 
15 17 
-45 -8
13 1 
3 4 
6 5 
10 9 
15 10 
10 11 
14 12 
4 14 
16 15 
4 16 
15 17 
-45 -9
13 1 
4 3 
14 4 
10 9 
11 10 
15 11 
15 13 
12 14 
16 15 
15 17 
-45 -10
11 1 
16 7 
-46 -1
11 1 
16 7 
13 12 
16 15 
-46 -2
11 1 
7 5 
10 6 
16 7 
12 13 
16 15 
19 16 
-46 -3
11 1 
7 5 
13 12 
16 15 
7 16 
16 19 
-46 -4
11 1 
7 5 
9 10 
16 15 
7 16 
16 19 
-46 -5
11 1 
7 5 
16 7 
2 12 
16 15 
7 18 
16 19 
-46 -6
12 2 
7 5 
8 6 
16 7 
7 8 
1 11 
16 15 
7 18 
16 19 
-46 -7
11 1 
12 2 
5 4 
7 5 
8 6 
7 8 
8 9 
9 10 
16 15 
7 16 
7 18 
16 19 
-46 -8
12 2 
5 4 
7 5 
8 6 
8 7 
9 10 
14 12 
16 15 
7 16 
5 18 
16 19 
-46 -9
14 2 
5 4 
16 5 
8 6 
5 7 
7 8 
14 12 
15 16 
15 17 
5 18 
16 19 
-46 -10
15 0 
4 2 
7 4 
4 5 
8 6 
16 7 
7 8 
14 12 
16 15 
19 16 
15 17 
16 18 
-46 -11
16 0 
4 2 
8 4 
4 5 
5 6 
4 7 
16 15 
19 16 
15 17 
16 18 
7 19 
-46 -12
-47 -1
-47 -2
5 6 
14 16 
-47 -3
18 3 
6 5 
4 13 
14 16 
-47 -4
13 1 
18 3 
6 5 
16 14 
-47 -5
18 3 
5 6 
1 13 
14 16 
-47 -6
13 1 
18 3 
19 4 
5 6 
16 14 
-47 -7
19 4 
1 13 
16 14 
16 15 
3 18 
-47 -8
13 1 
5 6 
7 8 
16 14 
8 17 
3 18 
4 19 
-47 -9
13 1 
19 4 
5 6 
8 7 
14 16 
-47 -10
19 4 
5 6 
7 8 
1 13 
-47 -11
4 3 
5 6 
8 7 
4 19 
-47 -12
18 15 
1 16 
-48 -1
16 1 
5 6 
15 18 
-48 -2
16 1 
5 6 
9 10 
15 18 
-48 -3
16 1 
13 2 
6 5 
10 9 
12 11 
15 16 
-48 -4
16 1 
0 2 
5 6 
10 9 
14 10 
11 12 
15 16 
-48 -5
16 1 
5 4 
5 6 
10 9 
11 10 
1 11 
11 12 
10 14 
16 15 
-48 -6
16 1 
10 9 
11 10 
1 11 
11 12 
1 13 
16 15 
-48 -7
12 2 
10 9 
1 10 
10 11 
11 12 
1 13 
1 15 
1 16 
-48 -8
15 1 
10 9 
1 10 
10 11 
11 12 
1 13 
15 16 
16 18 
-48 -9
15 1 
10 9 
1 10 
10 11 
1 13 
16 15 
16 18 
-48 -10
15 1 
7 8 
10 9 
10 11 
15 13 
15 14 
10 15 
15 16 
16 18 
-48 -11
15 1 
8 7 
10 9 
11 10 
15 11 
15 13 
16 14 
16 15 
18 16 
-48 -12
15 1 
13 7 
7 8 
10 9 
11 10 
15 11 
16 15 
13 16 
15 18 
-48 -13
19 4 
9 13 
13 19 
-49 -1
9 2 
13 9 
9 11 
19 13 
-49 -2
11 9 
17 11 
9 13 
14 15 
13 19 
-49 -3
18 4 
11 9 
17 11 
7 12 
9 13 
17 15 
17 16 
13 19 
-49 -4
5 6 
11 9 
12 10 
17 11 
7 12 
9 13 
17 15 
16 17 
11 18 
13 19 
-49 -5
6 5 
12 7 
11 9 
10 12 
9 13 
17 15 
17 16 
11 17 
11 18 
13 19 
-49 -6
6 3 
6 4 
9 5 
5 6 
12 7 
9 8 
13 9 
12 10 
9 11 
17 15 
17 16 
11 17 
11 18 
13 19 
-49 -7
6 3 
6 4 
5 6 
12 7 
9 8 
11 9 
13 11 
10 12 
17 15 
17 16 
11 17 
11 18 
13 19 
-49 -8
6 3 
6 4 
5 6 
8 9 
12 10 
9 11 
7 12 
11 13 
12 14 
17 15 
18 16 
11 17 
17 18 
13 19 
-49 -9
13 3 
6 4 
6 5 
3 6 
12 7 
9 8 
11 9 
12 10 
17 11 
11 12 
17 13 
12 14 
17 15 
18 16 
17 18 
13 19 
-49 -10
6 3 
6 4 
4 5 
12 7 
9 8 
12 10 
16 11 
18 12 
17 16 
15 17 
16 18 
-49 -11
4 2 
7 3 
5 4 
6 5 
3 6 
18 7 
8 9 
15 10 
10 11 
10 12 
10 16 
10 17 
10 18 
-49 -12
7 3 
18 7 
8 9 
15 10 
10 11 
10 12 
10 16 
10 17 
10 18 
-49 -13
18 7 
11 10 
12 11 
16 12 
10 14 
10 15 
17 16 
17 18 
-49 -14
14 10 
-49 -15
14 10 
-49 -16
18 0 
0 5 
4 7 
-4 -1
7 4 
0 5 
8 7 
19 14 
-4 -2
5 0 
1 3 
4 7 
16 15 
14 19 
-4 -3
5 0 
7 3 
7 4 
15 16 
14 19 
-4 -4
5 0 
7 3 
7 4 
19 14 
16 15 
-4 -5
5 0 
7 3 
6 5 
4 7 
14 12 
15 16 
6 17 
14 19 
-4 -6
5 0 
7 3 
7 4 
12 9 
19 14 
16 15 
-4 -7
5 0 
7 3 
7 4 
12 8 
12 9 
12 11 
19 14 
15 16 
18 17 
-4 -8
5 0 
7 3 
4 7 
12 8 
12 9 
12 11 
4 14 
15 16 
14 19 
-4 -9
5 0 
4 3 
14 4 
12 8 
12 9 
18 13 
19 14 
-4 -10
5 0 
4 3 
14 4 
12 8 
18 14 
13 18 
14 19 
-4 -11
1 7 
-50 -1
7 1 
-50 -2
12 0 
7 5 
1 7 
16 15 
-50 -3
12 0 
7 1 
7 5 
9 13 
13 15 
15 16 
-50 -4
12 0 
6 4 
7 5 
1 7 
13 9 
11 10 
13 15 
15 16 
-50 -5
7 1 
4 6 
5 7 
10 11 
9 13 
13 15 
15 16 
-50 -6
7 1 
6 4 
5 7 
13 9 
12 11 
15 13 
15 16 
-50 -7
6 4 
7 5 
1 7 
12 11 
13 15 
15 16 
-50 -8
5 1 
4 3 
6 5 
4 6 
1 7 
12 11 
15 13 
15 16 
16 17 
-50 -9
4 3 
5 4 
1 5 
4 6 
1 7 
12 11 
15 13 
16 15 
14 16 
-50 -10
7 1 
4 3 
5 4 
1 5 
5 6 
13 15 
15 16 
-50 -11
5 1 
4 3 
5 4 
5 6 
1 7 
13 15 
15 16 
-50 -12
2 1 
11 7 
18 17 
-5 -1
18 5 
5 6 
11 7 
10 8 
18 17 
-5 -2
5 6 
11 9 
8 10 
7 11 
18 17 
5 18 
-5 -3
18 5 
5 6 
7 9 
8 10 
9 11 
16 15 
17 18 
-5 -4
19 4 
18 5 
5 6 
7 9 
8 10 
9 11 
17 15 
15 16 
17 18 
15 19 
-5 -5
19 4 
6 5 
18 6 
9 7 
10 8 
11 9 
17 15 
17 16 
18 17 
15 19 
-5 -6
19 4 
6 5 
18 6 
9 7 
11 9 
17 16 
15 17 
17 18 
15 19 
-5 -7
6 5 
4 6 
11 9 
19 15 
17 16 
15 17 
2 18 
-5 -8
6 5 
4 6 
11 9 
16 15 
17 16 
6 18 
16 19 
-5 -9
11 2 
6 3 
14 7 
14 16 
-6 -1
3 6 
2 11 
7 14 
9 15 
14 16 
-6 -2
11 2 
3 6 
15 9 
7 14 
14 16 
-6 -3
3 6 
9 7 
15 9 
2 11 
9 12 
7 14 
14 16 
-6 -4
7 1 
11 2 
6 3 
18 5 
14 7 
6 8 
7 9 
9 15 
14 16 
-6 -5
7 1 
11 2 
5 3 
13 4 
18 5 
3 6 
3 8 
7 9 
13 11 
7 14 
9 15 
14 16 
-6 -6
7 1 
11 2 
5 3 
8 4 
18 5 
3 6 
3 8 
7 9 
14 11 
4 13 
7 14 
9 15 
14 16 
-6 -7
7 1 
11 2 
5 3 
5 4 
18 5 
3 6 
14 7 
3 8 
7 9 
11 14 
9 15 
14 16 
-6 -8
11 1 
11 2 
5 3 
4 5 
3 6 
14 7 
3 8 
7 9 
14 11 
16 14 
9 15 
5 18 
-6 -9
11 1 
11 2 
5 3 
5 4 
7 5 
3 6 
9 7 
3 8 
14 11 
7 14 
9 15 
14 16 
5 18 
-6 -10
5 3 
19 4 
4 5 
3 6 
5 7 
3 8 
7 9 
14 11 
7 14 
9 15 
14 16 
5 18 
-6 -11
5 3 
5 4 
11 17 
-7 -1
15 2 
6 3 
14 4 
4 5 
4 6 
11 8 
11 17 
-7 -2
6 3 
6 4 
4 5 
17 6 
11 8 
14 12 
4 14 
11 17 
-7 -3
6 3 
6 4 
4 5 
17 6 
17 8 
10 9 
18 11 
14 12 
4 14 
11 17 
-7 -4
6 3 
6 4 
4 5 
17 8 
10 9 
17 11 
14 12 
4 14 
6 17 
11 18 
-7 -5
18 0 
6 3 
6 4 
4 5 
17 8 
10 9 
17 11 
14 12 
4 14 
6 17 
11 18 
4 19 
-7 -6
6 3 
6 4 
4 5 
17 6 
17 8 
10 9 
17 11 
14 12 
4 14 
13 15 
17 18 
-7 -7
6 3 
12 4 
4 5 
4 6 
9 10 
17 11 
11 12 
15 13 
12 14 
17 18 
-7 -8
6 2 
6 4 
5 6 
10 9 
12 11 
15 13 
12 14 
-7 -9
5 2 
4 5 
4 6 
10 9 
12 11 
14 12 
15 13 
-7 -10
4 2 
5 4 
5 6 
11 12 
15 13 
12 14 
-7 -11
2 4 
4 5 
4 6 
14 12 
15 13 
-7 -12
6 5 
10 11 
-8 -1
7 0 
6 5 
11 10 
17 14 
-8 -2
7 0 
6 5 
11 10 
14 17 
-8 -3
7 0 
5 6 
11 10 
17 14 
-8 -4
7 0 
6 4 
5 6 
8 7 
16 9 
11 10 
17 14 
15 16 
-8 -5
7 0 
4 3 
6 4 
6 5 
12 6 
7 8 
11 10 
17 14 
16 15 
17 16 
18 17 
-8 -6
7 0 
4 3 
5 4 
6 5 
8 7 
11 9 
11 10 
17 14 
16 15 
16 17 
17 18 
-8 -7
7 0 
4 3 
6 4 
4 5 
8 7 
11 10 
9 11 
18 15 
17 16 
14 17 
17 18 
-8 -8
7 0 
6 2 
4 3 
6 4 
4 5 
7 8 
11 9 
10 11 
17 14 
18 15 
17 16 
17 18 
-8 -9
7 0 
6 2 
5 4 
6 5 
8 7 
11 10 
9 11 
17 14 
18 15 
17 16 
17 18 
18 19 
-8 -10
10 4 
8 10 
10 11 
10 19 
-9 -1
3 0 
10 4 
11 7 
10 8 
11 10 
8 16 
7 18 
-9 -2
11 4 
11 7 
6 8 
10 9 
10 11 
16 15 
8 16 
7 18 
14 19 
-9 -3
17 3 
11 7 
6 8 
10 9 
11 10 
11 12 
16 15 
8 16 
16 17 
-9 -4
17 3 
8 6 
16 8 
10 9 
10 11 
11 12 
15 16 
16 17 
17 18 
-9 -5
17 3 
16 6 
6 8 
10 9 
11 10 
12 11 
17 15 
15 16 
17 18 
-9 -6
17 3 
6 8 
10 9 
11 10 
12 11 
3 12 
16 15 
6 16 
16 17 
17 18 
-9 -7
15 3 
16 6 
16 8 
10 9 
11 10 
12 11 
3 12 
12 13 
16 15 
16 17 
17 18 
-9 -8
5 3 
6 4 
4 5 
16 8 
10 9 
11 10 
10 12 
12 13 
16 15 
3 16 
16 17 
16 18 
-9 -9
5 0 
16 3 
5 4 
3 5 
4 6 
10 9 
12 10 
10 11 
13 12 
16 15 
18 16 
16 17 
13 18 
-9 -10
5 0 
13 2 
5 3 
6 4 
4 5 
2 6 
12 9 
9 10 
9 11 
13 12 
17 13 
13 15 
13 16 
13 18 
-9 -11
5 3 
4 5 
2 6 
12 9 
9 10 
9 11 
13 12 
2 13 
13 15 
13 16 
13 17 
13 18 
-9 -12
