2 0 
0 1 
4 2 
13 3 
8 10 
4 11 
15 13 
0 15 
1 15 
14 15 
-1 -1
1 0 
2 0 
3 0 
2 1 
1 3 
13 3 
14 3 
2 9 
8 10 
12 11 
2 12 
3 12 
14 12 
1 13 
2 13 
15 13 
1 15 
2 15 
14 15 
-1 -2
1 0 
2 0 
3 0 
3 1 
12 1 
14 1 
4 2 
12 2 
14 2 
12 3 
3 4 
12 4 
14 4 
4 5 
5 6 
2 9 
11 10 
11 12 
12 13 
15 13 
11 14 
12 15 
14 15 
-1 -3
1 0 
2 0 
3 0 
3 1 
12 1 
14 1 
3 2 
12 2 
14 2 
9 3 
12 3 
1 4 
12 4 
14 4 
3 5 
12 5 
14 5 
2 6 
5 6 
13 9 
2 10 
5 10 
11 10 
12 11 
14 11 
15 11 
13 12 
14 12 
15 13 
15 14 
-1 -4
1 0 
2 0 
3 0 
14 1 
6 2 
12 2 
14 2 
1 3 
4 3 
9 3 
1 4 
12 4 
14 4 
6 5 
12 5 
14 5 
1 6 
4 6 
9 6 
2 7 
3 7 
14 8 
10 9 
13 9 
8 10 
11 10 
12 11 
14 11 
1 12 
8 12 
10 13 
12 13 
14 13 
12 15 
13 15 
14 15 
-1 -5
1 0 
2 0 
3 0 
6 1 
7 1 
7 2 
7 3 
9 3 
6 4 
7 4 
7 5 
9 5 
7 6 
9 6 
8 7 
12 8 
10 9 
13 9 
8 10 
11 10 
12 11 
14 11 
10 13 
12 13 
14 13 
8 14 
12 15 
13 15 
14 15 
-1 -6
1 0 
2 0 
3 0 
7 1 
7 2 
7 3 
5 4 
6 5 
7 6 
8 7 
9 8 
10 9 
11 10 
7 12 
12 13 
14 13 
7 14 
12 15 
14 15 
-1 -7
1 0 
2 1 
3 2 
4 3 
5 4 
6 5 
7 6 
8 7 
9 8 
10 9 
11 10 
12 11 
13 12 
14 13 
15 14 
-1 -8
0 1 
6 1 
0 2 
1 2 
14 8 
15 10 
0 13 
1 13 
15 13 
0 15 
1 15 
14 15 
-2 -1
1 0 
6 0 
0 2 
1 2 
1 3 
2 3 
2 4 
3 7 
13 8 
12 11 
0 12 
3 12 
15 12 
1 13 
3 13 
15 13 
0 15 
3 15 
14 15 
-2 -2
1 0 
6 0 
3 1 
0 2 
3 2 
4 2 
1 4 
11 4 
13 4 
0 5 
3 5 
4 5 
3 7 
3 10 
4 10 
11 10 
10 12 
11 12 
13 12 
0 13 
3 13 
11 13 
10 14 
13 14 
15 14 
10 15 
11 15 
13 15 
-2 -3
1 0 
4 0 
5 0 
3 1 
3 2 
4 2 
1 4 
2 5 
10 5 
11 5 
0 6 
10 6 
11 6 
3 7 
12 8 
3 9 
4 9 
11 9 
3 10 
4 10 
13 10 
10 12 
11 12 
13 12 
3 13 
4 13 
9 13 
10 14 
13 14 
15 14 
10 15 
11 15 
13 15 
-2 -4
1 0 
4 0 
5 0 
3 1 
4 1 
3 2 
4 2 
3 4 
10 4 
11 4 
2 5 
10 5 
11 5 
2 6 
10 6 
11 6 
5 7 
10 7 
11 7 
3 8 
7 8 
12 8 
3 9 
7 9 
15 9 
15 10 
15 11 
10 12 
11 12 
13 12 
9 13 
10 13 
10 14 
13 14 
15 14 
-2 -5
1 0 
4 0 
5 0 
3 1 
4 1 
3 2 
4 2 
6 4 
11 4 
2 5 
6 5 
7 6 
8 7 
9 8 
9 10 
3 11 
9 11 
10 12 
11 12 
10 13 
10 14 
15 14 
10 15 
11 15 
-2 -6
11 0 
0 1 
13 1 
3 2 
4 2 
1 3 
13 3 
5 4 
6 5 
7 6 
8 7 
9 8 
10 9 
11 10 
12 11 
15 12 
14 13 
12 14 
-2 -7
1 0 
2 1 
3 2 
4 3 
5 4 
6 5 
7 6 
8 7 
9 8 
10 9 
11 10 
12 11 
13 12 
14 13 
15 14 
-2 -8
1 0 
2 1 
3 2 
4 3 
5 4 
6 5 
7 6 
8 7 
9 8 
10 9 
11 10 
12 11 
13 12 
14 13 
15 14 
-2 -9
1 0 
0 2 
1 2 
5 6 
15 13 
0 15 
1 15 
14 15 
-3 -1
6 0 
0 1 
0 2 
1 2 
1 3 
2 3 
2 4 
11 5 
5 6 
13 10 
7 11 
13 11 
0 12 
3 12 
13 12 
0 14 
3 14 
12 14 
0 15 
3 15 
13 15 
-3 -2
1 0 
2 0 
2 1 
3 1 
2 3 
7 3 
0 4 
2 4 
3 4 
1 5 
0 11 
3 11 
13 11 
0 12 
3 12 
15 12 
0 13 
3 13 
12 13 
0 14 
3 14 
15 14 
3 15 
10 15 
-3 -3
1 0 
2 0 
2 1 
3 1 
3 2 
0 4 
3 4 
1 5 
4 5 
6 5 
0 6 
3 6 
0 7 
3 7 
0 9 
3 9 
14 9 
0 11 
3 11 
13 11 
0 12 
3 12 
15 12 
0 13 
3 13 
12 13 
0 14 
3 14 
15 14 
0 15 
3 15 
10 15 
-3 -4
4 0 
0 1 
0 2 
4 11 
14 13 
0 15 
1 15 
14 15 
-4 -1
2 0 
12 0 
15 0 
2 1 
12 1 
15 1 
0 3 
12 3 
15 3 
0 4 
4 11 
14 12 
1 13 
3 13 
14 13 
14 15 
-4 -2
2 0 
12 0 
15 0 
4 1 
1 2 
3 2 
4 3 
12 3 
15 3 
4 5 
10 6 
3 8 
12 10 
1 11 
4 11 
12 11 
11 13 
12 13 
15 13 
12 14 
15 14 
1 15 
4 15 
11 15 
-4 -3
3 0 
12 0 
15 0 
5 1 
12 1 
15 1 
1 2 
3 2 
12 3 
3 4 
13 4 
15 4 
4 5 
12 5 
15 5 
3 6 
3 8 
14 9 
12 10 
12 11 
13 11 
15 11 
12 13 
15 13 
12 14 
15 14 
6 15 
10 15 
-4 -4
12 0 
4 1 
12 1 
15 1 
1 2 
3 2 
6 3 
12 3 
3 4 
15 4 
12 5 
15 5 
12 6 
15 6 
12 7 
15 7 
11 8 
14 8 
15 8 
12 9 
15 9 
11 10 
10 12 
11 13 
12 13 
15 13 
12 14 
15 14 
0 15 
10 15 
11 15 
-4 -5
7 0 
7 1 
15 1 
1 2 
3 2 
6 3 
7 3 
7 4 
15 4 
7 5 
15 5 
7 6 
15 6 
8 7 
12 8 
12 9 
15 9 
12 10 
15 10 
7 11 
15 11 
12 13 
12 14 
15 14 
13 15 
-4 -6
2 0 
13 0 
14 0 
0 1 
14 1 
15 1 
7 8 
12 8 
13 14 
0 15 
2 15 
14 15 
-5 -1
3 0 
14 0 
15 0 
0 1 
2 1 
3 1 
3 2 
6 5 
9 5 
7 6 
13 6 
8 7 
13 8 
0 12 
2 12 
14 12 
2 13 
3 13 
14 13 
2 15 
3 15 
13 15 
-5 -2
4 0 
11 0 
0 1 
3 1 
0 2 
1 2 
4 2 
0 3 
4 3 
2 5 
5 6 
9 6 
6 7 
3 8 
12 10 
0 12 
2 12 
13 12 
0 13 
2 13 
11 13 
0 14 
2 14 
15 14 
13 15 
-5 -3
2 0 
4 0 
0 1 
3 1 
4 2 
11 2 
12 2 
2 3 
4 3 
12 4 
2 5 
6 5 
1 6 
2 6 
11 6 
5 7 
3 8 
15 9 
12 10 
10 11 
0 13 
2 13 
11 13 
0 14 
5 14 
11 14 
13 15 
-5 -4
2 0 
4 0 
2 1 
12 2 
2 3 
4 3 
1 4 
12 4 
2 5 
6 5 
2 6 
11 6 
0 7 
5 7 
2 8 
10 9 
10 11 
10 12 
2 13 
12 13 
12 14 
9 15 
13 15 
-5 -5
8 0 
0 1 
3 1 
5 2 
4 3 
5 3 
0 4 
7 5 
7 6 
8 7 
10 8 
8 9 
11 10 
8 12 
8 13 
12 14 
9 15 
13 15 
-5 -6
2 0 
2 1 
4 2 
10 3 
5 4 
6 5 
7 6 
8 7 
9 8 
10 9 
10 11 
10 12 
10 13 
12 14 
13 15 
-5 -7
1 0 
2 1 
3 2 
4 3 
5 4 
6 5 
7 6 
8 7 
9 8 
10 9 
11 10 
12 11 
13 12 
14 13 
15 14 
-5 -8
1 0 
0 2 
14 2 
15 2 
14 13 
15 13 
0 14 
1 14 
15 14 
-6 -1
3 0 
14 0 
15 0 
0 1 
3 1 
0 2 
14 2 
15 2 
2 4 
11 7 
12 7 
7 8 
8 10 
12 11 
2 12 
3 12 
14 12 
15 13 
13 14 
-6 -2
4 0 
14 0 
15 0 
0 1 
3 1 
5 2 
12 2 
13 2 
0 3 
14 3 
15 3 
2 4 
14 4 
15 4 
12 5 
14 5 
11 6 
11 7 
7 8 
14 10 
15 10 
10 11 
14 11 
15 11 
11 12 
13 12 
15 12 
15 13 
13 14 
-6 -3
2 0 
6 0 
0 1 
3 1 
15 2 
2 3 
9 3 
15 3 
6 4 
15 4 
3 5 
4 5 
3 6 
9 6 
11 6 
8 7 
12 8 
13 9 
14 9 
9 10 
11 10 
15 10 
14 11 
9 12 
11 12 
14 13 
12 15 
13 15 
-6 -4
2 0 
0 1 
3 1 
15 2 
6 3 
8 3 
11 3 
6 4 
15 4 
3 5 
4 5 
0 6 
15 7 
15 8 
13 9 
9 10 
11 10 
12 11 
15 12 
14 13 
15 13 
8 14 
11 14 
-6 -5
2 0 
0 1 
3 1 
6 2 
10 3 
10 4 
10 5 
7 6 
8 7 
9 8 
10 9 
15 10 
12 11 
14 11 
10 13 
13 14 
12 15 
-6 -6
1 0 
2 1 
3 2 
4 3 
5 4 
6 5 
7 6 
8 7 
9 8 
10 9 
11 10 
12 11 
13 12 
14 13 
15 14 
-6 -7
0 1 
14 1 
15 1 
1 2 
14 2 
15 2 
8 6 
14 8 
1 13 
2 13 
14 13 
15 14 
-7 -1
1 0 
2 0 
3 0 
4 1 
7 1 
13 1 
1 2 
13 2 
15 2 
2 3 
13 3 
14 3 
8 6 
13 8 
11 9 
12 9 
8 10 
1 12 
2 12 
14 12 
15 13 
1 14 
2 14 
15 14 
-7 -2
1 0 
2 0 
4 0 
4 1 
12 1 
14 1 
4 2 
12 2 
14 2 
1 3 
13 3 
14 3 
1 5 
8 6 
0 7 
13 8 
12 9 
13 10 
1 11 
2 11 
15 11 
1 13 
2 13 
12 13 
12 14 
1 15 
13 15 
14 15 
-7 -3
1 0 
2 0 
5 1 
5 2 
14 2 
5 3 
13 3 
14 3 
0 4 
1 4 
2 4 
1 6 
5 7 
13 8 
12 9 
1 10 
2 10 
15 10 
12 11 
15 11 
1 12 
2 12 
14 12 
1 13 
2 13 
14 13 
1 15 
13 15 
14 15 
-7 -4
1 0 
2 0 
5 1 
5 2 
9 2 
2 3 
6 3 
1 4 
2 4 
1 6 
2 6 
1 7 
2 7 
1 8 
13 8 
1 9 
1 10 
2 10 
9 10 
12 11 
15 11 
1 12 
2 12 
15 12 
1 13 
2 13 
14 13 
1 14 
2 14 
15 14 
2 15 
10 15 
-7 -5
1 0 
2 0 
8 2 
2 3 
6 3 
1 4 
10 4 
1 5 
3 5 
1 6 
8 6 
8 7 
4 8 
10 8 
1 9 
2 9 
10 9 
12 11 
15 11 
1 12 
8 12 
8 13 
1 14 
8 14 
8 15 
10 15 
-7 -6
1 0 
2 0 
4 1 
10 2 
5 3 
10 4 
6 5 
7 6 
8 7 
9 8 
10 9 
12 11 
15 11 
1 12 
10 12 
10 13 
1 14 
10 14 
10 15 
-7 -7
1 0 
2 1 
3 2 
4 3 
5 4 
6 5 
7 6 
8 7 
9 8 
10 9 
11 10 
12 11 
13 12 
14 13 
15 14 
-7 -8
1 0 
14 0 
15 0 
0 2 
13 2 
14 2 
10 7 
14 7 
6 8 
1 10 
15 10 
0 13 
1 13 
15 13 
15 14 
-8 -1
3 0 
13 0 
14 0 
2 1 
1 3 
13 3 
14 3 
5 4 
6 8 
7 10 
14 10 
2 12 
3 12 
13 12 
1 13 
2 13 
14 13 
2 15 
3 15 
14 15 
-8 -2
2 0 
2 1 
3 1 
0 3 
2 4 
3 4 
9 8 
7 10 
14 10 
2 11 
3 11 
12 11 
2 12 
3 12 
15 12 
2 13 
3 13 
14 13 
2 14 
3 14 
12 14 
0 15 
-8 -3
6 0 
12 0 
2 1 
3 1 
0 2 
0 3 
2 4 
3 4 
2 5 
3 5 
11 5 
14 9 
13 10 
14 10 
2 11 
3 11 
10 11 
2 13 
3 13 
14 13 
2 14 
3 14 
12 14 
2 15 
3 15 
13 15 
-8 -4
2 0 
3 0 
3 1 
1 2 
2 4 
3 4 
2 5 
3 5 
0 6 
5 6 
6 7 
14 8 
11 9 
14 9 
13 10 
14 10 
2 11 
3 11 
10 11 
0 12 
6 12 
2 13 
3 13 
12 13 
2 14 
3 14 
13 14 
2 15 
3 15 
13 15 
-8 -5
3 0 
2 1 
3 1 
0 2 
0 4 
6 4 
2 5 
3 5 
5 6 
7 6 
2 7 
3 7 
7 8 
11 9 
14 9 
13 10 
14 10 
5 11 
8 11 
5 12 
7 12 
5 13 
8 13 
8 14 
8 15 
12 15 
-8 -6
2 0 
3 0 
2 1 
3 1 
4 2 
5 3 
5 4 
6 5 
7 6 
8 7 
9 8 
10 9 
13 10 
10 11 
15 12 
5 14 
10 15 
-8 -7
1 0 
2 1 
3 2 
4 3 
5 4 
6 5 
7 6 
8 7 
9 8 
10 9 
11 10 
12 11 
13 12 
14 13 
15 14 
-8 -8
1 0 
14 0 
15 0 
7 1 
0 2 
1 2 
0 9 
0 13 
1 13 
15 13 
11 14 
15 14 
-9 -1
2 0 
3 0 
2 1 
3 1 
3 2 
14 2 
15 2 
1 4 
1 7 
14 9 
2 12 
3 12 
13 12 
0 13 
1 13 
15 13 
11 15 
14 15 
-9 -2
3 0 
2 1 
3 1 
0 2 
0 4 
1 4 
3 4 
2 5 
3 5 
4 5 
4 6 
5 7 
6 9 
2 10 
3 10 
15 10 
13 11 
14 11 
15 11 
2 12 
3 12 
15 12 
0 13 
1 13 
2 14 
3 14 
12 14 
2 15 
3 15 
13 15 
-9 -3
2 0 
3 0 
2 1 
3 1 
6 1 
6 2 
0 4 
1 4 
3 4 
2 5 
3 5 
3 6 
11 8 
1 9 
2 10 
3 10 
11 10 
13 11 
14 11 
15 11 
2 12 
3 12 
15 12 
2 13 
3 13 
15 13 
2 14 
3 14 
12 14 
2 15 
3 15 
9 15 
-9 -4
2 0 
3 0 
2 1 
3 1 
6 1 
6 2 
6 3 
0 4 
1 4 
3 4 
2 5 
3 5 
4 5 
2 7 
3 7 
10 7 
2 8 
3 8 
11 8 
2 9 
3 9 
15 9 
2 10 
3 10 
11 10 
13 11 
14 11 
15 11 
2 12 
3 12 
15 12 
1 13 
2 14 
3 14 
12 14 
2 15 
3 15 
13 15 
-9 -5
1 0 
14 0 
15 0 
2 1 
3 12 
10 12 
15 13 
15 14 
-10 -1
1 0 
3 0 
2 1 
1 3 
2 3 
3 4 
12 10 
13 11 
13 12 
14 12 
0 14 
2 14 
13 14 
13 15 
14 15 
-10 -2
4 0 
10 0 
11 0 
0 1 
3 1 
1 2 
4 2 
0 3 
4 3 
3 5 
10 5 
11 5 
13 10 
14 10 
12 11 
14 11 
14 12 
15 12 
11 13 
15 13 
9 14 
15 14 
-10 -3
1 0 
3 0 
2 1 
1 3 
4 3 
2 4 
3 5 
10 5 
11 5 
3 6 
3 7 
10 8 
3 9 
5 9 
14 9 
0 10 
6 10 
11 10 
11 12 
14 12 
10 13 
11 13 
10 14 
11 14 
13 15 
14 15 
-10 -4
1 0 
1 2 
0 3 
8 4 
4 10 
0 13 
1 13 
14 13 
0 15 
1 15 
14 15 
-11 -1
0 1 
13 1 
15 1 
0 2 
1 2 
0 3 
1 3 
2 4 
3 4 
4 8 
0 9 
4 10 
2 11 
12 11 
2 12 
3 12 
15 12 
14 13 
15 14 
-11 -2
2 0 
3 0 
2 1 
3 1 
4 2 
12 2 
15 2 
4 3 
12 3 
15 3 
9 4 
2 5 
3 5 
10 7 
12 7 
4 8 
1 10 
4 10 
11 10 
4 12 
11 12 
10 13 
12 13 
15 13 
13 14 
15 14 
11 15 
-11 -3
2 0 
3 0 
5 1 
6 1 
11 1 
1 2 
4 2 
4 3 
12 3 
15 3 
8 4 
3 5 
4 5 
3 6 
4 6 
10 7 
12 7 
15 8 
5 9 
6 9 
14 9 
1 10 
4 10 
11 10 
15 11 
4 12 
11 12 
10 13 
12 13 
15 13 
13 14 
15 14 
-11 -4
2 0 
3 0 
4 1 
10 1 
11 1 
1 2 
4 2 
1 3 
1 5 
4 5 
3 6 
4 6 
5 6 
3 7 
4 7 
1 8 
4 8 
4 9 
7 9 
14 9 
11 10 
12 10 
4 11 
12 11 
10 13 
12 13 
15 13 
13 14 
15 14 
1 15 
11 15 
-11 -5
2 0 
0 1 
4 2 
1 3 
1 5 
4 5 
2 6 
3 6 
8 7 
1 8 
14 9 
4 10 
8 10 
1 11 
12 11 
4 12 
8 12 
10 13 
12 13 
15 13 
13 14 
15 14 
8 15 
11 15 
-11 -6
1 0 
5 1 
10 2 
5 3 
2 4 
6 5 
7 6 
8 7 
9 8 
10 9 
10 11 
15 11 
2 12 
11 12 
12 13 
14 13 
10 14 
15 14 
10 15 
-11 -7
1 0 
2 1 
3 2 
4 3 
5 4 
6 5 
7 6 
8 7 
9 8 
10 9 
11 10 
12 11 
13 12 
14 13 
15 14 
-11 -8
1 0 
14 0 
15 0 
0 2 
1 2 
15 4 
14 6 
11 8 
14 13 
14 15 
-12 -1
1 0 
2 0 
3 0 
3 1 
1 2 
12 2 
15 2 
3 4 
3 6 
15 7 
11 9 
14 11 
1 12 
3 12 
13 12 
13 14 
15 14 
1 15 
3 15 
13 15 
-12 -2
1 0 
4 0 
5 1 
0 2 
4 2 
5 2 
1 3 
5 3 
3 4 
5 4 
3 6 
0 10 
5 10 
14 10 
1 11 
4 11 
15 11 
0 12 
5 12 
11 12 
11 13 
12 13 
15 13 
13 14 
15 14 
-12 -3
1 0 
14 0 
15 0 
0 2 
1 2 
12 6 
10 13 
12 13 
15 14 
13 15 
-13 -1
0 1 
12 1 
13 1 
0 2 
1 2 
1 3 
12 3 
13 3 
3 4 
7 4 
12 6 
14 11 
15 12 
15 13 
12 14 
13 14 
-13 -2
1 0 
12 0 
13 0 
4 1 
0 2 
1 2 
4 3 
7 3 
2 5 
15 10 
1 11 
3 11 
14 11 
3 12 
1 13 
3 13 
12 13 
12 14 
13 14 
11 15 
12 15 
13 15 
-13 -3
1 0 
12 0 
13 0 
4 1 
0 2 
1 2 
3 4 
7 4 
2 5 
4 5 
2 6 
3 6 
11 9 
12 9 
13 9 
1 10 
3 10 
14 10 
1 11 
3 11 
14 11 
3 12 
14 13 
15 13 
1 14 
3 14 
12 14 
10 15 
11 15 
12 15 
-13 -4
1 0 
14 0 
15 0 
4 1 
0 2 
1 2 
15 10 
14 13 
14 15 
-14 -1
0 1 
12 1 
15 1 
0 2 
1 2 
3 2 
1 3 
12 3 
15 3 
3 4 
15 10 
13 11 
15 12 
0 13 
3 13 
14 13 
0 14 
3 14 
15 14 
-14 -2
1 0 
0 2 
1 2 
3 2 
1 3 
12 3 
0 4 
12 4 
15 4 
2 5 
15 10 
12 11 
13 11 
15 11 
0 13 
3 13 
14 13 
0 14 
3 14 
12 14 
0 15 
3 15 
14 15 
-14 -3
1 0 
0 2 
1 2 
3 2 
1 3 
9 3 
0 4 
3 4 
6 4 
2 5 
3 5 
0 6 
3 6 
14 10 
15 10 
12 11 
13 11 
15 11 
0 12 
3 12 
9 12 
10 13 
12 13 
14 13 
0 14 
3 14 
15 14 
0 15 
3 15 
9 15 
-14 -4
2 0 
0 1 
2 1 
5 2 
1 3 
5 3 
0 4 
3 4 
0 6 
3 6 
5 6 
1 7 
8 7 
11 7 
0 8 
3 8 
15 8 
3 9 
7 9 
15 9 
12 10 
15 10 
12 11 
13 11 
15 11 
0 12 
3 12 
15 12 
10 13 
12 13 
14 13 
3 14 
10 14 
3 15 
-14 -5
2 0 
0 1 
2 1 
5 2 
5 3 
7 3 
0 4 
3 4 
0 6 
5 6 
8 7 
1 8 
6 8 
8 9 
12 10 
15 10 
12 11 
13 11 
15 11 
0 12 
8 12 
10 13 
12 13 
14 13 
8 14 
10 14 
0 15 
8 15 
-14 -6
1 0 
2 1 
3 2 
4 3 
5 4 
6 5 
7 6 
8 7 
9 8 
10 9 
11 10 
12 11 
13 12 
14 13 
15 14 
-14 -7
1 0 
0 2 
1 2 
14 13 
15 13 
0 15 
1 15 
14 15 
-15 -1
2 0 
4 1 
1 2 
0 3 
12 3 
14 3 
9 10 
12 11 
0 12 
1 12 
15 12 
12 13 
14 13 
15 13 
0 14 
1 14 
15 14 
-15 -2
5 0 
11 0 
13 0 
2 1 
4 1 
0 2 
4 2 
5 2 
0 3 
4 3 
4 5 
10 5 
14 5 
11 7 
9 10 
14 10 
4 11 
5 11 
15 11 
11 12 
14 12 
15 12 
12 13 
14 13 
15 13 
4 15 
5 15 
14 15 
-15 -3
3 0 
5 0 
2 1 
4 1 
0 2 
4 2 
5 2 
5 3 
9 3 
10 3 
0 4 
3 4 
6 4 
6 5 
9 5 
10 5 
11 7 
9 11 
15 11 
11 12 
14 12 
15 12 
12 13 
14 13 
15 13 
9 14 
10 14 
3 15 
5 15 
14 15 
-15 -4
3 0 
5 0 
2 1 
4 1 
0 2 
4 2 
5 2 
5 3 
9 3 
10 3 
0 4 
3 4 
6 4 
5 6 
5 7 
3 8 
5 8 
12 8 
7 9 
6 10 
7 10 
9 10 
9 11 
15 11 
11 12 
14 12 
15 12 
12 13 
14 13 
15 13 
9 14 
10 14 
3 15 
5 15 
14 15 
-15 -5
3 0 
6 0 
2 1 
4 1 
0 2 
4 2 
5 2 
9 3 
15 3 
3 4 
7 4 
7 5 
7 6 
8 7 
9 8 
11 9 
3 10 
9 10 
15 11 
11 12 
14 12 
15 12 
12 13 
14 13 
15 13 
9 14 
10 14 
15 14 
-15 -6
2 0 
4 1 
1 2 
3 2 
4 3 
6 5 
7 6 
8 7 
9 8 
10 9 
0 10 
1 10 
10 11 
13 12 
14 12 
15 12 
11 13 
14 13 
10 14 
10 15 
13 15 
-15 -7
1 0 
2 1 
3 2 
4 3 
5 4 
6 5 
7 6 
8 7 
9 8 
10 9 
11 10 
12 11 
13 12 
14 13 
15 14 
-15 -8
1 0 
2 1 
3 2 
4 3 
5 4 
6 5 
7 6 
8 7 
9 8 
10 9 
11 10 
12 11 
13 12 
14 13 
15 14 
-15 -9
1 0 
4 1 
9 1 
0 2 
6 3 
6 5 
1 12 
15 13 
0 14 
1 14 
15 14 
-16 -1
1 0 
10 1 
12 1 
0 2 
2 3 
13 3 
14 3 
1 4 
9 4 
11 6 
15 9 
13 11 
1 13 
2 13 
12 13 
1 14 
2 14 
12 14 
1 15 
3 15 
13 15 
-16 -2
1 0 
4 0 
0 2 
2 3 
4 3 
1 4 
9 4 
1 5 
11 6 
3 7 
2 8 
6 8 
13 8 
14 10 
13 11 
15 11 
2 12 
2 13 
4 13 
14 13 
1 14 
3 14 
15 14 
1 15 
2 15 
12 15 
-16 -3
2 0 
0 1 
4 1 
2 3 
4 3 
0 4 
1 5 
3 5 
3 6 
10 6 
3 7 
12 9 
2 10 
5 10 
14 10 
10 11 
13 11 
15 11 
7 12 
15 12 
2 13 
5 13 
15 13 
13 14 
15 14 
1 15 
2 15 
-16 -4
1 0 
0 2 
2 3 
4 3 
1 4 
2 4 
1 5 
4 5 
2 6 
15 6 
1 7 
5 7 
12 7 
12 8 
13 9 
6 10 
15 10 
0 11 
10 11 
9 12 
15 12 
11 13 
15 13 
13 14 
15 14 
1 15 
2 15 
-16 -5
1 0 
2 0 
8 1 
8 2 
2 3 
5 3 
1 4 
3 4 
1 5 
8 6 
8 7 
13 8 
8 9 
13 9 
11 10 
13 11 
8 12 
13 14 
8 15 
14 15 
-16 -6
5 0 
2 1 
3 2 
4 3 
5 4 
6 5 
7 6 
8 7 
9 8 
10 9 
11 10 
12 11 
13 12 
14 13 
1 15 
-16 -7
1 0 
2 1 
3 2 
4 3 
5 4 
6 5 
7 6 
8 7 
9 8 
10 9 
11 10 
12 11 
13 12 
14 13 
15 14 
-16 -8
1 0 
2 1 
3 2 
4 3 
5 4 
6 5 
7 6 
8 7 
9 8 
10 9 
11 10 
12 11 
13 12 
13 14 
2 15 
-16 -9
1 0 
2 1 
3 2 
4 3 
5 4 
6 5 
7 6 
8 7 
9 8 
10 9 
11 10 
12 11 
13 12 
14 13 
0 15 
-16 -10
1 0 
2 1 
3 2 
4 3 
5 4 
6 5 
7 6 
8 7 
9 8 
10 9 
11 10 
12 11 
13 12 
14 13 
14 15 
-16 -11
0 1 
14 1 
15 1 
1 2 
14 2 
15 2 
4 14 
13 14 
13 15 
14 15 
-17 -1
1 0 
14 0 
15 0 
3 1 
3 2 
1 4 
8 5 
12 5 
3 6 
11 10 
14 11 
1 12 
2 12 
15 12 
12 13 
14 13 
15 13 
1 14 
2 14 
12 14 
-17 -2
1 0 
14 0 
15 0 
0 2 
15 13 
14 15 
-18 -1
1 0 
2 0 
2 1 
13 1 
14 1 
4 2 
1 3 
13 3 
14 3 
7 5 
8 10 
14 11 
0 12 
3 12 
15 12 
15 13 
14 15 
-18 -2
1 0 
5 0 
3 1 
0 2 
4 2 
5 3 
12 3 
0 4 
12 4 
13 4 
9 6 
4 7 
10 8 
2 10 
14 10 
0 11 
3 11 
14 11 
11 13 
12 13 
15 13 
0 14 
3 14 
12 14 
0 15 
3 15 
11 15 
-18 -3
5 0 
0 1 
3 1 
0 2 
3 2 
5 3 
7 3 
2 4 
3 4 
1 6 
9 6 
10 8 
0 9 
15 9 
3 10 
13 11 
14 11 
0 12 
3 12 
10 12 
0 13 
3 13 
14 13 
0 14 
3 14 
10 14 
12 15 
13 15 
14 15 
-18 -4
5 0 
0 1 
3 1 
0 2 
3 2 
13 3 
14 3 
2 4 
3 4 
3 5 
7 5 
1 6 
9 6 
14 6 
3 7 
11 7 
15 7 
0 8 
3 8 
14 8 
0 9 
7 9 
13 9 
0 10 
3 10 
11 10 
13 11 
14 11 
3 12 
10 12 
15 13 
15 14 
-18 -5
7 0 
9 0 
0 1 
3 1 
0 2 
3 2 
7 3 
9 3 
2 4 
3 4 
0 5 
3 5 
7 6 
9 6 
13 7 
14 7 
7 8 
7 9 
10 9 
12 10 
15 10 
14 11 
7 12 
11 12 
11 13 
15 13 
15 14 
-18 -6
1 0 
0 2 
14 13 
0 15 
1 15 
14 15 
-19 -1
3 0 
13 0 
15 0 
0 1 
13 1 
15 1 
0 2 
3 2 
1 4 
13 5 
2 6 
0 9 
14 11 
1 12 
2 12 
14 12 
15 13 
1 14 
2 14 
13 14 
-19 -2
3 0 
13 0 
15 0 
3 1 
13 1 
15 1 
0 2 
3 2 
5 3 
15 3 
1 4 
3 4 
0 9 
13 10 
15 11 
0 12 
1 12 
14 12 
11 13 
1 14 
2 14 
15 14 
-19 -3
1 0 
13 0 
15 0 
15 1 
0 2 
3 2 
5 3 
13 3 
15 3 
1 4 
3 4 
1 5 
13 5 
15 5 
4 6 
6 7 
0 9 
15 9 
12 10 
13 10 
15 11 
11 12 
13 12 
14 12 
11 13 
0 14 
3 14 
15 14 
-19 -4
6 0 
13 0 
15 0 
15 1 
0 2 
3 2 
1 3 
13 3 
15 3 
1 4 
3 4 
6 4 
0 5 
3 5 
4 5 
3 6 
13 6 
15 6 
0 7 
1 7 
13 8 
5 9 
6 9 
14 9 
12 10 
13 10 
15 11 
11 12 
13 12 
14 12 
11 13 
6 14 
13 14 
15 14 
-19 -5
7 0 
9 0 
7 1 
9 1 
0 2 
3 2 
7 3 
9 3 
1 4 
3 4 
6 4 
0 5 
3 5 
4 5 
8 6 
10 6 
8 7 
14 8 
6 9 
8 9 
12 10 
13 10 
13 11 
15 11 
14 12 
8 13 
12 13 
8 15 
-19 -6
9 0 
9 1 
0 2 
3 2 
5 3 
1 4 
3 4 
9 5 
7 6 
8 7 
9 8 
10 9 
13 11 
15 11 
4 12 
13 12 
10 13 
9 14 
12 14 
9 15 
-19 -7
1 0 
2 1 
3 2 
4 3 
5 4 
6 5 
7 6 
8 7 
9 8 
10 9 
11 10 
12 11 
13 12 
14 13 
15 14 
-19 -8
1 0 
2 1 
3 2 
4 3 
5 4 
6 5 
7 6 
8 7 
9 8 
10 9 
11 10 
12 11 
13 12 
14 13 
11 15 
-19 -9
1 0 
2 1 
3 2 
4 3 
5 4 
6 5 
7 6 
8 7 
9 8 
10 9 
11 10 
12 11 
13 12 
14 13 
13 15 
-19 -10
1 0 
2 1 
3 2 
4 3 
5 4 
6 5 
7 6 
8 7 
9 8 
10 9 
11 10 
12 11 
13 12 
14 13 
12 15 
-19 -11
1 0 
0 2 
1 2 
1 3 
3 4 
4 5 
14 8 
15 13 
0 15 
1 15 
14 15 
-20 -1
3 0 
13 0 
14 0 
3 1 
13 1 
14 1 
0 2 
1 2 
0 4 
4 5 
7 6 
9 6 
14 8 
12 11 
0 12 
1 12 
15 12 
15 13 
15 14 
-20 -2
3 0 
12 0 
13 0 
3 1 
13 1 
14 1 
0 2 
1 2 
2 4 
12 4 
14 4 
0 5 
14 8 
2 9 
11 10 
13 10 
3 11 
4 11 
12 11 
1 12 
3 12 
14 12 
15 13 
15 14 
-20 -3
3 0 
12 0 
13 0 
3 1 
10 1 
15 1 
0 2 
1 2 
1 4 
12 4 
14 4 
0 5 
1 5 
1 6 
3 6 
14 8 
2 9 
4 9 
11 9 
13 10 
1 11 
3 11 
10 11 
1 12 
3 12 
11 12 
15 13 
11 14 
15 14 
-20 -4
3 0 
12 0 
13 0 
4 1 
5 1 
0 2 
1 2 
4 3 
12 3 
13 3 
11 4 
12 4 
0 5 
12 5 
13 5 
1 6 
3 6 
3 7 
5 7 
12 8 
13 8 
0 9 
4 9 
11 9 
12 10 
13 10 
14 11 
11 12 
15 13 
15 14 
-20 -5
3 0 
12 0 
13 0 
5 1 
7 1 
0 2 
1 2 
7 3 
13 3 
1 4 
8 4 
0 5 
7 5 
1 6 
3 6 
11 7 
7 8 
15 8 
2 9 
6 9 
8 9 
12 10 
13 10 
14 11 
7 12 
11 12 
15 13 
15 14 
-20 -6
5 0 
4 1 
0 2 
1 2 
0 3 
6 3 
1 5 
7 6 
8 7 
9 8 
4 9 
5 9 
12 10 
13 10 
9 11 
9 12 
2 13 
9 13 
11 14 
13 14 
13 15 
14 15 
-20 -7
1 0 
2 1 
3 2 
4 3 
5 4 
6 5 
7 6 
8 7 
9 8 
10 9 
11 10 
12 11 
13 12 
14 13 
15 14 
-20 -8
1 0 
2 1 
3 2 
4 3 
5 4 
6 5 
7 6 
8 7 
9 8 
10 9 
11 10 
12 11 
13 12 
14 13 
15 14 
-20 -9
0 1 
7 1 
1 2 
14 2 
15 2 
11 6 
14 13 
15 13 
0 15 
1 15 
14 15 
-21 -1
2 0 
14 0 
15 0 
1 2 
12 2 
14 2 
0 3 
14 3 
15 3 
8 6 
3 9 
6 11 
13 11 
14 13 
15 13 
12 14 
1 15 
2 15 
12 15 
-21 -2
1 0 
12 0 
15 0 
1 2 
11 2 
12 2 
2 3 
12 3 
15 3 
3 4 
12 4 
15 4 
2 5 
11 6 
6 8 
15 10 
11 12 
11 13 
12 13 
15 13 
12 14 
13 14 
1 15 
2 15 
12 15 
-21 -3
1 0 
12 0 
15 0 
1 2 
12 2 
15 2 
4 3 
12 3 
15 3 
1 4 
2 4 
0 5 
12 5 
15 5 
4 6 
5 6 
6 8 
11 9 
12 10 
15 10 
15 11 
11 12 
11 13 
12 13 
15 13 
12 14 
13 14 
-21 -4
5 0 
12 0 
15 0 
1 2 
12 2 
15 2 
4 3 
12 3 
15 3 
1 4 
2 4 
3 5 
6 5 
4 6 
12 6 
15 6 
1 7 
2 7 
6 7 
12 8 
15 8 
12 9 
15 9 
12 10 
13 10 
15 10 
12 11 
13 11 
15 11 
14 12 
15 12 
15 13 
13 14 
-21 -5
1 0 
5 1 
1 2 
8 2 
5 3 
8 3 
1 4 
2 4 
7 6 
8 7 
0 8 
5 8 
8 9 
11 10 
12 10 
15 10 
8 11 
12 11 
13 11 
1 12 
8 12 
12 13 
15 13 
11 14 
13 14 
8 15 
-21 -6
12 0 
12 1 
3 2 
4 3 
5 4 
6 5 
7 6 
8 7 
9 8 
10 9 
11 10 
12 11 
13 12 
15 13 
13 14 
-21 -7
0 1 
0 2 
13 3 
0 4 
14 4 
14 5 
11 9 
13 14 
0 15 
1 15 
14 15 
-22 -1
2 0 
3 0 
0 1 
3 1 
2 3 
12 3 
14 3 
0 4 
14 5 
11 9 
12 11 
2 13 
3 13 
14 13 
12 14 
12 15 
13 15 
14 15 
-22 -2
1 0 
4 0 
3 1 
0 2 
3 2 
13 3 
1 4 
4 5 
0 8 
11 9 
12 10 
13 10 
3 11 
5 11 
12 11 
2 12 
3 12 
13 12 
2 14 
4 14 
12 14 
12 15 
13 15 
14 15 
-22 -3
1 0 
2 0 
2 1 
3 1 
6 2 
12 2 
13 2 
2 3 
12 3 
13 3 
0 4 
6 4 
4 5 
13 6 
5 7 
0 8 
14 8 
5 9 
12 9 
13 9 
13 10 
9 11 
12 11 
10 12 
0 14 
6 14 
12 14 
12 15 
13 15 
14 15 
-22 -4
1 0 
3 1 
0 2 
3 2 
9 3 
0 4 
7 4 
2 5 
4 5 
2 6 
3 6 
4 6 
0 7 
12 7 
13 7 
0 8 
7 8 
15 8 
12 10 
13 10 
9 11 
11 12 
2 13 
3 13 
12 13 
0 14 
12 14 
13 14 
12 15 
13 15 
14 15 
-22 -5
2 0 
3 0 
2 1 
3 1 
9 2 
9 3 
0 4 
6 4 
2 5 
4 5 
7 6 
8 7 
9 8 
11 9 
12 10 
13 10 
12 11 
9 13 
12 13 
0 14 
12 14 
13 14 
12 15 
13 15 
14 15 
-22 -6
1 0 
2 1 
3 2 
4 3 
5 4 
6 5 
7 6 
8 7 
9 8 
10 9 
11 10 
12 11 
0 13 
15 14 
0 15 
-22 -7
1 0 
2 1 
3 2 
4 3 
5 4 
6 5 
7 6 
8 7 
9 8 
10 9 
11 10 
12 11 
13 12 
14 13 
15 14 
-22 -8
1 0 
2 1 
3 2 
4 3 
5 4 
6 5 
7 6 
8 7 
9 8 
10 9 
11 10 
12 11 
13 12 
14 13 
15 14 
-22 -9
1 0 
1 2 
13 3 
0 4 
0 7 
15 13 
0 14 
1 14 
15 14 
-23 -1
6 0 
8 0 
0 1 
1 2 
2 3 
12 3 
13 3 
0 4 
0 7 
12 11 
0 12 
2 12 
13 12 
0 13 
2 13 
14 13 
13 15 
14 15 
-23 -2
7 0 
10 0 
0 1 
2 1 
3 2 
12 2 
15 2 
0 3 
12 3 
15 3 
0 4 
3 4 
0 5 
2 5 
4 5 
2 6 
12 10 
12 11 
14 11 
12 13 
12 14 
15 14 
13 15 
-23 -3
2 0 
9 0 
11 0 
0 1 
2 1 
3 2 
9 2 
12 2 
0 4 
3 4 
6 4 
0 5 
2 5 
4 5 
2 6 
3 6 
0 7 
10 7 
10 9 
14 9 
12 10 
14 10 
12 11 
3 12 
8 12 
9 13 
12 13 
14 13 
11 14 
13 15 
14 15 
-23 -4
7 0 
9 0 
12 0 
0 1 
2 1 
0 2 
9 2 
12 2 
12 3 
0 4 
3 4 
6 4 
0 5 
2 5 
3 5 
2 6 
3 6 
3 7 
9 7 
12 7 
12 8 
14 8 
10 9 
15 9 
8 10 
14 10 
14 11 
11 12 
12 13 
15 13 
14 15 
-23 -5
8 0 
10 0 
0 1 
2 1 
0 2 
8 2 
2 3 
4 3 
6 3 
0 4 
6 4 
0 5 
2 5 
3 5 
2 6 
8 6 
8 7 
10 8 
11 8 
8 9 
10 9 
14 10 
14 11 
7 12 
14 12 
15 13 
9 15 
14 15 
-23 -6
2 0 
0 1 
2 1 
0 3 
2 4 
5 4 
6 5 
7 6 
8 7 
9 8 
10 9 
11 10 
12 11 
13 12 
14 13 
15 14 
2 15 
3 15 
-23 -7
1 0 
2 1 
3 2 
4 3 
5 4 
6 5 
7 6 
8 7 
9 8 
10 9 
11 10 
12 11 
13 12 
14 13 
15 14 
-23 -8
1 0 
2 1 
13 2 
4 11 
14 13 
0 15 
1 15 
14 15 
-24 -1
3 0 
14 0 
15 0 
2 1 
14 1 
15 1 
3 2 
11 4 
4 7 
14 12 
15 12 
2 13 
3 13 
14 13 
2 15 
3 15 
13 15 
-24 -2
1 0 
14 0 
15 0 
4 1 
14 1 
15 1 
1 2 
14 2 
15 2 
0 3 
4 3 
15 4 
15 8 
14 11 
15 11 
15 12 
15 13 
12 14 
-24 -3
15 0 
3 1 
14 1 
15 1 
0 2 
1 2 
10 2 
0 3 
3 4 
8 4 
0 5 
4 5 
3 6 
6 7 
12 9 
3 10 
5 10 
15 10 
14 11 
15 11 
10 12 
15 12 
15 13 
10 14 
12 14 
-24 -4
15 0 
0 1 
15 1 
0 2 
1 2 
0 3 
2 3 
3 4 
5 4 
1 5 
8 5 
3 6 
5 6 
3 7 
13 8 
10 9 
14 9 
15 9 
11 10 
12 10 
14 11 
15 11 
14 12 
15 12 
15 13 
2 14 
6 14 
15 14 
-24 -5
1 0 
3 0 
7 1 
1 2 
2 3 
7 3 
3 4 
5 4 
1 5 
9 5 
3 6 
5 6 
8 7 
12 8 
7 9 
10 9 
14 9 
12 10 
8 11 
10 11 
15 13 
11 14 
12 14 
8 15 
-24 -6
3 0 
4 1 
1 2 
1 3 
5 4 
6 5 
7 6 
8 7 
9 8 
10 9 
11 10 
15 11 
1 12 
15 13 
1 14 
-24 -7
1 0 
2 1 
3 2 
4 3 
5 4 
6 5 
7 6 
8 7 
9 8 
10 9 
11 10 
12 11 
13 12 
14 13 
15 14 
-24 -8
1 0 
2 1 
3 2 
4 3 
5 4 
6 5 
7 6 
8 7 
9 8 
10 9 
11 10 
12 11 
13 12 
14 13 
15 14 
-24 -9
1 0 
2 1 
3 2 
4 3 
5 4 
6 5 
7 6 
8 7 
9 8 
10 9 
11 10 
12 11 
13 12 
14 13 
15 14 
-24 -10
2 0 
0 1 
11 7 
15 10 
14 13 
0 15 
1 15 
14 15 
-25 -1
1 0 
2 0 
2 1 
12 1 
14 1 
2 3 
13 3 
14 3 
11 7 
7 10 
2 12 
3 12 
13 12 
14 13 
1 15 
3 15 
14 15 
-25 -2
1 0 
2 0 
4 0 
2 1 
3 1 
4 1 
2 3 
12 3 
14 3 
2 4 
2 5 
12 8 
14 9 
12 10 
2 11 
4 11 
14 11 
2 12 
4 12 
11 12 
14 13 
4 15 
12 15 
13 15 
-25 -3
1 0 
3 0 
4 0 
3 1 
4 1 
0 2 
3 2 
4 3 
12 3 
14 3 
2 5 
4 5 
2 6 
3 6 
12 8 
10 9 
12 11 
14 11 
4 12 
10 12 
14 13 
10 14 
4 15 
12 15 
13 15 
-25 -4
1 0 
0 2 
6 3 
15 13 
0 15 
1 15 
14 15 
-26 -1
1 0 
0 2 
1 3 
14 3 
15 3 
1 4 
3 6 
12 11 
2 12 
3 12 
14 12 
12 13 
14 13 
15 13 
1 15 
2 15 
14 15 
-26 -2
1 0 
2 0 
2 1 
3 1 
4 1 
4 2 
12 2 
14 2 
3 4 
12 4 
14 4 
2 5 
4 5 
3 6 
10 9 
14 10 
2 11 
3 11 
12 11 
3 12 
10 12 
12 13 
14 13 
15 13 
2 15 
3 15 
14 15 
-26 -3
1 0 
2 0 
2 1 
3 1 
4 1 
5 2 
4 3 
12 3 
14 3 
5 4 
4 6 
10 9 
13 9 
12 10 
14 10 
2 11 
2 12 
4 12 
14 12 
12 13 
14 13 
15 13 
2 14 
4 14 
11 14 
2 15 
3 15 
14 15 
-26 -4
1 0 
3 1 
4 1 
0 2 
8 2 
4 3 
8 3 
2 5 
4 5 
5 6 
8 6 
14 6 
2 7 
8 7 
14 7 
10 9 
13 9 
12 10 
14 10 
12 11 
14 11 
2 12 
3 12 
8 12 
12 13 
14 13 
15 13 
2 14 
3 14 
12 14 
2 15 
3 15 
8 15 
-26 -5
1 0 
2 0 
3 1 
4 1 
8 2 
3 4 
14 4 
2 5 
4 5 
7 6 
8 7 
1 8 
14 8 
8 9 
14 9 
12 10 
14 10 
12 11 
14 11 
3 12 
8 12 
14 13 
15 13 
8 15 
-26 -6
1 0 
14 0 
10 1 
11 2 
1 3 
14 3 
5 4 
6 5 
7 6 
8 7 
9 8 
10 9 
11 10 
10 12 
14 13 
15 13 
10 14 
10 15 
-26 -7
1 0 
2 1 
3 2 
4 3 
5 4 
6 5 
7 6 
8 7 
9 8 
10 9 
11 10 
12 11 
13 12 
14 13 
15 14 
-26 -8
1 0 
2 1 
3 2 
4 3 
5 4 
6 5 
7 6 
8 7 
9 8 
10 9 
11 10 
12 11 
13 12 
14 13 
15 14 
-26 -9
1 0 
2 1 
3 2 
4 3 
5 4 
6 5 
7 6 
8 7 
9 8 
10 9 
11 10 
12 11 
13 12 
14 13 
15 14 
-26 -10
1 0 
2 1 
3 2 
4 3 
5 4 
6 5 
7 6 
8 7 
9 8 
10 9 
11 10 
12 11 
13 12 
14 13 
15 14 
-26 -11
1 0 
13 0 
15 0 
1 2 
15 4 
0 14 
1 14 
15 14 
13 15 
-27 -1
2 0 
2 1 
2 3 
14 3 
15 3 
15 4 
0 12 
1 12 
13 12 
0 13 
1 13 
15 13 
0 14 
1 14 
15 14 
-27 -2
3 0 
11 0 
15 0 
3 1 
11 1 
15 1 
0 2 
1 2 
0 4 
1 4 
3 4 
1 5 
13 10 
13 11 
0 12 
1 12 
13 12 
15 13 
0 14 
1 14 
15 14 
-27 -3
3 0 
4 0 
15 1 
1 2 
2 3 
4 3 
5 3 
2 4 
5 4 
1 5 
0 6 
2 6 
5 6 
15 7 
12 9 
14 9 
15 9 
11 10 
15 10 
0 11 
1 11 
15 11 
0 12 
1 12 
10 12 
11 13 
15 13 
0 14 
1 14 
15 14 
-27 -4
3 0 
5 1 
0 2 
1 2 
0 4 
1 4 
3 5 
0 6 
1 6 
1 7 
14 7 
15 7 
0 8 
1 8 
14 8 
12 9 
14 9 
15 9 
11 10 
15 10 
0 11 
1 11 
14 11 
0 12 
1 12 
10 12 
11 13 
15 13 
0 14 
1 14 
15 14 
4 15 
-27 -5
3 0 
5 1 
0 2 
1 2 
5 3 
0 4 
1 4 
3 6 
7 6 
8 7 
0 8 
1 8 
8 9 
11 10 
15 10 
3 11 
8 11 
3 12 
8 12 
11 13 
15 13 
8 14 
12 14 
9 15 
12 15 
-27 -6
3 0 
2 1 
3 2 
4 3 
5 4 
6 5 
7 6 
8 7 
9 8 
10 9 
11 10 
12 11 
3 13 
3 14 
3 15 
13 15 
-27 -7
1 0 
2 1 
3 2 
4 3 
5 4 
6 5 
7 6 
8 7 
9 8 
10 9 
11 10 
12 11 
13 12 
14 13 
15 14 
-27 -8
1 0 
2 1 
3 2 
4 3 
5 4 
6 5 
7 6 
8 7 
9 8 
10 9 
11 10 
12 11 
13 12 
14 13 
15 14 
-27 -9
1 0 
2 1 
3 2 
4 3 
5 4 
6 5 
7 6 
8 7 
9 8 
10 9 
11 10 
12 11 
13 12 
14 13 
15 14 
-27 -10
1 0 
0 2 
14 13 
0 15 
1 15 
14 15 
-28 -1
2 0 
0 1 
3 1 
2 3 
1 4 
2 9 
14 11 
12 13 
14 13 
0 14 
3 14 
15 14 
0 15 
3 15 
12 15 
-28 -2
1 0 
3 1 
0 2 
3 2 
0 4 
3 4 
0 5 
10 5 
12 5 
10 8 
2 9 
0 10 
3 10 
13 10 
10 11 
14 11 
0 12 
3 12 
15 12 
12 13 
14 13 
0 15 
3 15 
14 15 
-28 -3
6 0 
10 0 
14 0 
0 1 
3 1 
0 2 
3 2 
6 3 
10 3 
14 3 
0 4 
3 4 
0 5 
2 5 
3 7 
5 7 
15 8 
0 9 
3 9 
15 9 
10 11 
0 12 
3 12 
15 12 
12 13 
14 13 
11 14 
0 15 
3 15 
14 15 
-28 -4
5 0 
0 1 
3 1 
0 2 
3 2 
8 3 
12 3 
0 4 
3 4 
2 6 
5 6 
8 7 
5 8 
0 9 
8 9 
0 10 
8 10 
10 11 
14 11 
0 12 
15 12 
12 13 
14 13 
0 14 
3 14 
12 14 
0 15 
8 15 
-28 -5
5 0 
0 1 
3 1 
1 2 
9 2 
9 3 
12 3 
0 4 
3 4 
9 5 
7 6 
8 7 
9 8 
9 10 
10 11 
14 11 
0 12 
15 12 
12 13 
14 13 
4 14 
9 14 
0 15 
9 15 
-28 -6
1 0 
2 1 
11 2 
4 3 
5 4 
6 5 
7 6 
8 7 
9 8 
10 9 
11 10 
1 12 
15 12 
12 13 
14 13 
11 14 
11 15 
-28 -7
1 0 
2 1 
3 2 
4 3 
5 4 
6 5 
7 6 
8 7 
9 8 
10 9 
11 10 
12 11 
13 12 
14 13 
15 14 
-28 -8
1 0 
2 1 
3 2 
4 3 
5 4 
6 5 
7 6 
8 7 
9 8 
10 9 
11 10 
12 11 
13 12 
14 13 
15 14 
-28 -9
1 0 
1 2 
10 5 
14 13 
0 15 
1 15 
14 15 
-29 -1
0 1 
2 1 
0 2 
12 2 
14 2 
1 3 
14 3 
15 3 
10 5 
7 8 
14 12 
14 13 
15 13 
0 15 
2 15 
12 15 
-29 -2
4 0 
12 0 
13 0 
0 1 
2 1 
4 1 
4 2 
14 2 
15 2 
4 3 
14 3 
15 3 
0 5 
14 10 
0 11 
4 11 
14 11 
14 12 
14 13 
0 15 
4 15 
13 15 
-29 -3
14 0 
0 1 
2 1 
4 1 
4 2 
14 2 
15 2 
4 3 
14 3 
15 3 
0 4 
12 4 
13 4 
0 5 
2 5 
0 6 
12 9 
11 10 
13 10 
15 10 
0 11 
4 11 
14 11 
14 12 
14 13 
0 15 
4 15 
11 15 
-29 -4
1 0 
1 2 
3 2 
0 3 
4 3 
1 4 
0 5 
4 5 
0 6 
4 6 
0 7 
4 7 
6 8 
7 8 
9 8 
0 9 
4 9 
12 9 
11 10 
13 10 
15 10 
15 11 
11 12 
14 12 
11 13 
14 13 
2 14 
0 15 
2 15 
14 15 
-29 -5
3 0 
0 1 
4 1 
1 2 
3 2 
3 4 
6 5 
7 5 
0 6 
4 6 
0 7 
2 7 
2 8 
7 8 
6 9 
8 9 
12 9 
13 10 
15 10 
15 11 
11 12 
14 12 
11 13 
14 13 
6 14 
8 14 
15 14 
7 15 
8 15 
-29 -6
5 0 
0 1 
2 1 
5 2 
1 3 
5 3 
5 4 
6 5 
7 6 
8 7 
9 8 
10 9 
14 10 
15 10 
13 11 
13 12 
14 12 
14 13 
11 15 
-29 -7
0 1 
14 1 
15 1 
1 2 
6 3 
9 8 
15 13 
5 14 
15 14 
-30 -1
3 0 
12 0 
14 0 
0 1 
2 1 
3 1 
0 2 
12 2 
15 2 
3 6 
8 9 
15 11 
14 12 
15 12 
2 13 
3 13 
15 13 
5 14 
15 14 
-30 -2
3 0 
0 1 
2 1 
3 1 
5 2 
15 2 
2 3 
9 3 
0 4 
2 4 
3 6 
14 10 
0 11 
2 11 
15 11 
0 12 
2 12 
13 12 
0 13 
2 13 
11 13 
12 14 
15 14 
-30 -3
1 0 
1 2 
0 3 
2 3 
0 4 
2 4 
0 5 
2 5 
10 5 
3 6 
13 9 
15 9 
2 10 
0 11 
2 11 
10 11 
13 12 
14 12 
0 13 
2 13 
11 13 
10 14 
15 14 
0 15 
2 15 
13 15 
-30 -4
