0 1 
0 2 
12 9 
4 11 
6 11 
15 13 
15 14 
-1 -1
3 0 
0 1 
0 2 
3 2 
8 7 
15 10 
4 11 
6 11 
13 12 
14 12 
15 13 
15 14 
11 15 
-1 -2
0 1 
1 2 
0 3 
3 11 
13 12 
14 13 
15 14 
-2 -1
0 1 
1 2 
2 3 
2 4 
2 6 
13 10 
12 11 
13 12 
14 12 
15 12 
14 13 
15 13 
15 14 
-2 -2
0 1 
1 2 
6 3 
13 7 
0 11 
14 13 
15 14 
-3 -1
3 0 
0 1 
0 2 
1 2 
6 3 
0 4 
12 9 
14 12 
12 13 
14 13 
8 14 
15 14 
11 15 
-3 -2
3 0 
0 1 
6 1 
1 2 
3 2 
6 3 
0 4 
3 4 
3 5 
15 8 
12 9 
6 10 
13 10 
14 12 
12 13 
14 13 
8 14 
15 14 
11 15 
-3 -3
1 0 
0 2 
10 4 
0 9 
2 12 
15 13 
15 14 
-4 -1
1 0 
3 0 
3 1 
0 2 
3 2 
10 4 
0 7 
10 8 
0 9 
0 12 
14 13 
15 13 
15 14 
12 15 
-4 -2
1 0 
13 0 
0 2 
10 4 
2 6 
12 6 
13 11 
14 13 
15 14 
-5 -1
1 0 
12 0 
13 0 
11 1 
0 2 
1 2 
0 3 
0 4 
6 5 
2 6 
12 6 
13 11 
15 11 
14 12 
14 13 
15 13 
15 14 
-5 -2
15 0 
0 1 
1 2 
3 10 
12 13 
15 14 
13 15 
-6 -1
14 0 
0 1 
0 2 
1 2 
1 3 
2 3 
2 4 
14 4 
14 10 
12 13 
12 14 
15 14 
13 15 
-6 -2
0 1 
0 2 
15 14 
13 15 
-7 -1
0 1 
3 1 
0 2 
0 3 
2 3 
12 8 
13 11 
15 12 
13 14 
15 14 
13 15 
-7 -2
0 1 
3 1 
0 2 
0 3 
2 3 
2 4 
5 4 
3 5 
10 8 
11 10 
13 11 
11 12 
15 12 
4 13 
13 14 
15 14 
10 15 
13 15 
-7 -3
1 0 
0 2 
5 8 
0 12 
15 13 
14 15 
-8 -1
1 0 
0 2 
0 3 
2 3 
3 4 
5 8 
14 8 
0 10 
0 12 
3 12 
15 12 
12 13 
15 13 
6 14 
14 15 
-8 -2
0 1 
0 2 
1 2 
14 5 
3 6 
15 10 
6 11 
14 13 
15 13 
14 15 
-9 -1
0 1 
0 2 
1 2 
1 3 
2 3 
2 4 
8 4 
3 6 
15 10 
6 11 
13 11 
13 12 
15 12 
14 13 
15 13 
14 15 
-9 -2
0 1 
8 1 
0 2 
14 5 
14 13 
15 13 
14 15 
-10 -1
14 0 
0 1 
0 2 
3 2 
0 3 
3 4 
12 4 
14 5 
12 7 
11 12 
13 12 
14 13 
15 13 
11 14 
14 15 
-10 -2
5 0 
0 1 
0 2 
3 2 
0 3 
3 4 
11 4 
12 4 
14 8 
11 10 
15 10 
11 12 
13 12 
14 13 
15 13 
11 14 
8 15 
11 15 
14 15 
-10 -3
5 0 
0 1 
4 1 
0 2 
3 2 
0 3 
3 4 
11 4 
12 4 
3 6 
4 6 
14 8 
11 9 
13 9 
11 10 
15 10 
3 11 
11 12 
13 12 
14 13 
15 13 
11 14 
8 15 
11 15 
14 15 
-10 -4
1 0 
0 2 
2 3 
0 8 
0 9 
4 12 
14 13 
15 13 
14 15 
-11 -1
1 0 
0 2 
1 3 
0 4 
15 6 
0 8 
0 9 
13 11 
13 12 
15 12 
14 13 
15 13 
14 15 
-11 -2
1 0 
0 2 
1 3 
2 3 
0 4 
2 5 
3 5 
8 6 
0 8 
11 10 
14 10 
13 11 
15 11 
13 12 
15 12 
14 13 
15 13 
14 15 
-11 -3
1 0 
1 2 
5 6 
13 12 
15 13 
15 14 
-12 -1
1 0 
0 2 
1 2 
3 2 
0 3 
1 4 
5 6 
12 11 
13 12 
15 12 
15 13 
12 14 
15 14 
-12 -2
1 0 
0 2 
1 2 
0 6 
15 13 
15 14 
-13 -1
1 0 
0 2 
1 2 
0 3 
1 3 
1 4 
4 5 
12 8 
15 10 
10 11 
13 12 
14 12 
11 13 
15 13 
15 14 
7 15 
-13 -2
1 0 
0 2 
1 2 
1 3 
5 3 
1 4 
2 5 
4 5 
11 9 
3 10 
4 10 
15 10 
10 11 
14 11 
13 12 
14 12 
11 13 
15 13 
15 14 
7 15 
-13 -3
1 0 
0 2 
2 5 
14 13 
15 13 
15 14 
-14 -1
1 0 
0 2 
3 2 
0 3 
2 5 
10 7 
2 10 
14 11 
13 12 
14 12 
14 13 
15 13 
15 14 
-14 -2
1 0 
2 0 
1 2 
9 2 
8 10 
14 13 
15 14 
-15 -1
1 0 
2 0 
1 2 
0 3 
2 4 
3 7 
0 8 
4 9 
13 11 
13 12 
14 12 
14 13 
15 14 
-15 -2
0 1 
0 2 
1 2 
11 5 
11 6 
5 7 
6 8 
14 12 
15 13 
15 14 
-16 -1
0 1 
0 2 
1 2 
0 3 
1 3 
0 4 
11 6 
13 11 
13 12 
14 12 
14 13 
15 13 
15 14 
2 15 
-16 -2
0 1 
0 2 
1 2 
0 3 
1 3 
0 4 
5 4 
3 5 
11 6 
11 10 
12 10 
13 10 
13 11 
13 12 
14 12 
14 13 
15 13 
15 14 
-16 -3
1 0 
2 1 
15 12 
14 13 
15 14 
-17 -1
1 0 
9 0 
2 1 
4 2 
2 3 
14 11 
13 12 
15 12 
14 13 
8 14 
15 14 
-17 -2
1 0 
2 0 
2 1 
2 6 
0 8 
12 9 
1 10 
11 12 
15 13 
15 14 
-18 -1
1 0 
2 0 
2 1 
0 3 
1 3 
2 4 
0 6 
0 8 
1 10 
13 11 
14 12 
15 13 
15 14 
-18 -2
1 0 
2 0 
2 1 
0 3 
1 3 
5 3 
2 4 
1 5 
4 5 
0 6 
0 8 
1 10 
5 10 
12 10 
13 11 
11 12 
14 12 
15 13 
15 14 
-18 -3
0 1 
0 2 
15 13 
15 14 
-19 -1
3 0 
0 1 
0 2 
15 2 
1 4 
11 10 
13 11 
13 12 
14 12 
15 13 
13 14 
15 14 
-19 -2
3 0 
0 1 
0 2 
15 2 
3 4 
5 4 
1 5 
2 5 
11 10 
12 10 
13 11 
14 11 
13 12 
14 12 
15 13 
13 14 
15 14 
1 15 
-19 -3
14 0 
0 1 
1 2 
13 11 
14 13 
15 14 
-20 -1
0 1 
1 2 
0 3 
2 3 
3 4 
13 12 
14 12 
14 13 
15 14 
-20 -2
0 1 
1 2 
0 3 
2 3 
1 4 
3 4 
1 5 
4 5 
15 10 
10 11 
15 11 
13 12 
14 12 
14 13 
15 14 
-20 -3
1 0 
0 2 
11 5 
14 6 
15 13 
14 15 
-21 -1
1 0 
0 2 
0 3 
1 3 
2 4 
5 4 
14 6 
14 11 
13 12 
14 12 
15 13 
4 14 
14 15 
-21 -2
1 0 
0 2 
0 3 
1 3 
4 3 
2 4 
3 5 
14 6 
10 7 
14 10 
14 11 
15 11 
13 12 
14 12 
15 13 
14 15 
-21 -3
1 0 
2 1 
7 10 
15 13 
14 15 
-22 -1
1 0 
2 1 
0 3 
1 3 
3 4 
7 10 
13 12 
15 12 
15 13 
14 15 
-22 -2
1 0 
2 1 
0 3 
1 3 
2 4 
3 4 
1 5 
11 10 
12 10 
13 12 
15 12 
11 13 
15 13 
11 14 
14 15 
-22 -3
1 0 
1 2 
1 7 
14 13 
15 14 
-23 -1
1 0 
2 0 
1 2 
0 3 
2 3 
0 4 
1 7 
12 11 
13 12 
15 12 
14 13 
15 13 
15 14 
-23 -2
1 0 
1 2 
0 3 
2 3 
0 4 
1 4 
2 5 
1 7 
12 8 
14 10 
10 11 
12 11 
13 12 
15 12 
14 13 
15 13 
15 14 
-23 -3
2 0 
0 1 
2 1 
0 5 
9 7 
1 9 
13 14 
15 14 
13 15 
-24 -1
2 0 
3 0 
0 1 
2 1 
3 2 
4 3 
3 5 
12 11 
15 12 
13 14 
15 14 
13 15 
-24 -2
2 0 
3 0 
0 1 
2 1 
3 2 
4 2 
4 3 
3 5 
4 5 
5 6 
12 10 
13 10 
12 11 
14 12 
15 12 
13 14 
13 15 
-24 -3
2 0 
0 1 
12 4 
5 8 
13 12 
14 13 
15 13 
15 14 
-25 -1
2 0 
0 1 
2 1 
4 2 
0 3 
2 3 
12 4 
5 8 
13 12 
14 12 
14 13 
15 13 
15 14 
8 15 
-25 -2
2 0 
0 1 
2 1 
4 2 
0 3 
2 3 
5 4 
10 6 
5 8 
12 9 
15 10 
15 11 
13 12 
14 12 
14 13 
15 13 
15 14 
8 15 
-25 -3
1 0 
0 2 
5 3 
1 5 
15 13 
15 14 
1 15 
-26 -1
1 0 
0 2 
1 3 
2 3 
3 4 
1 5 
12 7 
13 8 
5 9 
12 11 
13 12 
14 12 
15 13 
15 14 
1 15 
-26 -2
2 0 
1 2 
5 9 
14 13 
14 15 
-27 -1
2 0 
14 1 
1 2 
0 3 
1 3 
0 4 
15 11 
14 12 
14 13 
14 15 
-27 -2
2 0 
14 1 
1 2 
0 3 
1 3 
0 4 
4 5 
0 7 
8 9 
12 10 
15 10 
15 11 
11 12 
14 12 
14 13 
14 15 
-27 -3
2 0 
0 1 
0 3 
6 8 
8 9 
15 11 
11 12 
14 12 
3 14 
13 14 
14 15 
-28 -1
2 0 
0 1 
2 1 
0 3 
2 3 
1 7 
6 8 
8 9 
15 11 
11 12 
14 12 
3 13 
2 14 
3 14 
13 14 
13 15 
14 15 
-28 -2
2 0 
0 1 
2 1 
0 3 
2 3 
1 4 
4 5 
1 7 
6 8 
8 9 
15 10 
13 11 
15 11 
11 12 
14 12 
3 13 
2 14 
3 14 
13 14 
13 15 
14 15 
-28 -3
1 0 
0 2 
9 12 
15 13 
13 14 
15 14 
-29 -1
1 0 
0 2 
3 2 
0 3 
0 4 
14 5 
14 6 
14 11 
13 12 
15 12 
15 13 
13 14 
15 14 
-29 -2
1 0 
5 0 
5 1 
0 2 
3 2 
0 3 
0 4 
14 6 
11 8 
11 10 
13 10 
14 11 
15 11 
13 12 
15 12 
15 13 
13 14 
15 14 
-29 -3
2 0 
0 1 
8 4 
4 7 
15 13 
15 14 
-30 -1
2 0 
0 1 
2 1 
4 2 
0 3 
1 3 
8 4 
0 6 
4 7 
12 11 
13 12 
14 13 
15 13 
15 14 
-30 -2
