100 
2 
1 
10 
4 90 10 9 1 1 -1 -1 1 
4 91 11 0 2 -1 1 1 1 
4 92 12 1 3 1 1 1 1 
4 93 13 2 4 1 1 1 -1 
4 94 14 3 5 -1 1 -1 1 
4 95 15 4 6 -1 1 1 -1 
4 96 16 5 7 -1 -1 -1 -1 
4 97 17 6 8 1 -1 -1 -1 
4 98 18 7 9 -1 -1 -1 1 
4 99 19 8 0 -1 1 1 -1 
4 0 20 19 11 -1 -1 1 1 
4 1 21 10 12 1 -1 1 1 
4 2 22 11 13 1 -1 1 -1 
4 3 23 12 14 1 -1 -1 1 
4 4 24 13 15 1 -1 1 -1 
4 5 25 14 16 1 -1 -1 1 
4 6 26 15 17 -1 -1 1 1 
4 7 27 16 18 -1 1 1 -1 
4 8 28 17 19 -1 1 -1 -1 
4 9 29 18 10 1 -1 -1 1 
4 10 30 29 21 -1 -1 1 -1 
4 11 31 20 22 -1 1 -1 -1 
4 12 32 21 23 -1 1 -1 -1 
4 13 33 22 24 -1 -1 -1 -1 
4 14 34 23 25 -1 1 -1 -1 
4 15 35 24 26 -1 1 -1 -1 
4 16 36 25 27 -1 -1 -1 1 
4 17 37 26 28 1 1 1 -1 
4 18 38 27 29 1 -1 -1 -1 
4 19 39 28 20 -1 1 -1 1 
4 20 40 39 31 -1 -1 -1 -1 
4 21 41 30 32 1 -1 -1 1 
4 22 42 31 33 1 -1 1 1 
4 23 43 32 34 -1 1 1 1 
4 24 44 33 35 1 -1 1 1 
4 25 45 34 36 1 -1 1 -1 
4 26 46 35 37 -1 -1 -1 -1 
4 27 47 36 38 1 -1 -1 1 
4 28 48 37 39 -1 1 1 -1 
4 29 49 38 30 1 1 -1 -1 
4 30 50 49 41 -1 -1 1 -1 
4 31 51 40 42 -1 1 -1 1 
4 32 52 41 43 -1 -1 1 1 
4 33 53 42 44 1 1 1 -1 
4 34 54 43 45 -1 1 -1 1 
4 35 55 44 46 -1 1 1 -1 
4 36 56 45 47 -1 -1 -1 -1 
4 37 57 46 48 -1 -1 -1 -1 
4 38 58 47 49 1 -1 -1 -1 
4 39 59 48 40 1 -1 -1 1 
4 40 60 59 51 -1 -1 -1 -1 
4 41 61 50 52 1 1 -1 -1 
4 42 62 51 53 -1 -1 -1 1 
4 43 63 52 54 1 1 1 1 
4 44 64 53 55 1 -1 1 1 
4 45 65 54 56 1 1 1 1 
4 46 66 55 57 -1 -1 1 -1 
4 47 67 56 58 -1 1 -1 -1 
4 48 68 57 59 -1 -1 -1 -1 
4 49 69 58 50 -1 1 -1 -1 
4 50 70 69 61 -1 1 1 -1 
4 51 71 60 62 1 -1 -1 1 
4 52 72 61 63 -1 -1 1 -1 
4 53 73 62 64 1 -1 -1 1 
4 54 74 63 65 -1 -1 1 -1 
4 55 75 64 66 1 1 -1 1 
4 56 76 65 67 -1 -1 1 1 
4 57 77 66 68 1 1 1 -1 
4 58 78 67 69 -1 1 -1 -1 
4 59 79 68 60 1 -1 -1 1 
4 60 80 79 71 1 1 -1 -1 
4 61 81 70 72 -1 1 -1 -1 
4 62 82 71 73 -1 1 -1 1 
4 63 83 72 74 -1 1 1 1 
4 64 84 73 75 -1 1 1 -1 
4 65 85 74 76 1 -1 -1 1 
4 66 86 75 77 -1 1 1 1 
4 67 87 76 78 1 1 1 -1 
4 68 88 77 79 1 1 -1 1 
4 69 89 78 70 -1 1 1 -1 
4 70 90 89 81 1 -1 1 1 
4 71 91 80 82 1 1 1 1 
4 72 92 81 83 1 -1 1 1 
4 73 93 82 84 1 -1 1 1 
4 74 94 83 85 1 1 1 -1 
4 75 95 84 86 -1 1 -1 -1 
4 76 96 85 87 1 1 -1 1 
4 77 97 86 88 1 -1 1 -1 
4 78 98 87 89 1 -1 -1 1 
4 79 99 88 80 1 1 1 1 
4 80 0 99 91 -1 1 -1 1 
4 81 1 90 92 1 -1 1 -1 
4 82 2 91 93 -1 1 -1 1 
4 83 3 92 94 -1 1 1 -1 
4 84 4 93 95 1 -1 -1 1 
4 85 5 94 96 1 -1 1 1 
4 86 6 95 97 1 -1 1 1 
4 87 7 96 98 -1 1 1 1 
4 88 8 97 99 -1 -1 1 -1 
4 89 9 98 90 1 -1 -1 -1 
