256 
2 
1 
16 
4 240 16 15 1 -1 -1 -1 -1 
4 241 17 0 2 -1 1 -1 1 
4 242 18 1 3 -1 -1 1 -1 
4 243 19 2 4 -1 -1 -1 1 
4 244 20 3 5 -1 -1 1 -1 
4 245 21 4 6 -1 1 -1 1 
4 246 22 5 7 1 1 1 -1 
4 247 23 6 8 -1 -1 -1 -1 
4 248 24 7 9 -1 -1 -1 1 
4 249 25 8 10 -1 -1 1 1 
4 250 26 9 11 -1 -1 1 -1 
4 251 27 10 12 -1 -1 -1 1 
4 252 28 11 13 -1 1 1 -1 
4 253 29 12 14 -1 1 -1 -1 
4 254 30 13 15 -1 1 -1 -1 
4 255 31 14 0 -1 1 -1 -1 
4 0 32 31 17 -1 -1 -1 -1 
4 1 33 16 18 1 1 -1 1 
4 2 34 17 19 -1 1 1 1 
4 3 35 18 20 -1 1 1 1 
4 4 36 19 21 -1 -1 1 1 
4 5 37 20 22 1 1 1 -1 
4 6 38 21 23 1 -1 -1 -1 
4 7 39 22 24 -1 1 -1 -1 
4 8 40 23 25 -1 1 -1 -1 
4 9 41 24 26 -1 1 -1 1 
4 10 42 25 27 -1 1 1 -1 
4 11 43 26 28 -1 -1 -1 -1 
4 12 44 27 29 1 -1 -1 -1 
4 13 45 28 30 1 1 -1 1 
4 14 46 29 31 1 1 1 1 
4 15 47 30 16 1 1 1 -1 
4 16 48 47 33 -1 1 -1 -1 
4 17 49 32 34 1 -1 -1 1 
4 18 50 33 35 1 -1 1 -1 
4 19 51 34 36 1 1 -1 1 
4 20 52 35 37 -1 1 1 -1 
4 21 53 36 38 1 1 -1 -1 
4 22 54 37 39 -1 1 -1 1 
4 23 55 38 40 1 1 1 -1 
4 24 56 39 41 1 1 -1 -1 
4 25 57 40 42 1 -1 -1 -1 
4 26 58 41 43 1 1 -1 -1 
4 27 59 42 44 -1 1 -1 1 
4 28 60 43 45 -1 -1 1 1 
4 29 61 44 46 1 -1 1 1 
4 30 62 45 47 1 -1 1 -1 
4 31 63 46 32 1 1 -1 -1 
4 32 64 63 49 1 1 1 1 
4 33 65 48 50 -1 -1 1 1 
4 34 66 49 51 -1 -1 1 1 
4 35 67 50 52 1 -1 1 -1 
4 36 68 51 53 1 -1 -1 -1 
4 37 69 52 54 1 -1 -1 1 
4 38 70 53 55 1 1 1 1 
4 39 71 54 56 1 1 1 1 
4 40 72 55 57 1 -1 1 -1 
4 41 73 56 58 -1 -1 -1 1 
4 42 74 57 59 1 -1 1 1 
4 43 75 58 60 1 1 1 -1 
4 44 76 59 61 -1 1 -1 -1 
4 45 77 60 62 -1 -1 -1 -1 
4 46 78 61 63 -1 -1 -1 1 
4 47 79 62 48 1 1 1 1 
4 48 80 79 65 1 1 1 1 
4 49 81 64 66 -1 1 1 1 
4 50 82 65 67 -1 1 1 1 
4 51 83 66 68 -1 1 1 1 
4 52 84 67 69 -1 -1 1 -1 
4 53 85 68 70 -1 -1 -1 -1 
4 54 86 69 71 1 -1 -1 -1 
4 55 87 70 72 1 1 -1 -1 
4 56 88 71 73 -1 -1 -1 -1 
4 57 89 72 74 -1 -1 -1 1 
4 58 90 73 75 -1 1 1 1 
4 59 91 74 76 1 1 1 1 
4 60 92 75 77 1 -1 1 -1 
4 61 93 76 78 -1 1 -1 -1 
4 62 94 77 79 -1 1 -1 -1 
4 63 95 78 64 1 -1 -1 1 
4 64 96 95 81 1 1 -1 1 
4 65 97 80 82 1 -1 1 1 
4 66 98 81 83 1 -1 1 -1 
4 67 99 82 84 1 1 -1 1 
4 68 100 83 85 -1 1 1 1 
4 69 101 84 86 -1 1 1 1 
4 70 102 85 87 -1 -1 1 -1 
4 71 103 86 88 1 -1 -1 1 
4 72 104 87 89 -1 -1 1 -1 
4 73 105 88 90 -1 -1 -1 -1 
4 74 106 89 91 1 -1 -1 -1 
4 75 107 90 92 1 1 -1 1 
4 76 108 91 93 -1 -1 1 -1 
4 77 109 92 94 1 1 -1 -1 
4 78 110 93 95 1 1 -1 1 
4 79 111 94 80 -1 1 1 -1 
4 80 112 111 97 1 1 1 -1 
4 81 113 96 98 -1 1 -1 -1 
4 82 114 97 99 -1 1 -1 -1 
4 83 115 98 100 1 1 -1 -1 
4 84 116 99 101 1 -1 -1 -1 
4 85 117 100 102 1 -1 -1 -1 
4 86 118 101 103 -1 -1 -1 -1 
4 87 119 102 104 -1 -1 -1 1 
4 88 120 103 105 -1 1 1 -1 
4 89 121 104 106 -1 1 -1 -1 
4 90 122 105 107 -1 -1 -1 1 
4 91 123 106 108 1 1 1 1 
4 92 124 107 109 -1 -1 1 1 
4 93 125 108 110 1 1 1 1 
4 94 126 109 111 1 1 1 1 
4 95 127 110 96 1 1 1 1 
4 96 128 127 113 1 -1 -1 -1 
4 97 129 112 114 1 -1 -1 1 
4 98 130 113 115 1 -1 1 -1 
4 99 131 114 116 1 -1 -1 -1 
4 100 132 115 117 -1 -1 -1 -1 
4 101 133 116 118 -1 1 -1 -1 
4 102 134 117 119 -1 1 -1 1 
4 103 135 118 120 -1 -1 1 -1 
4 104 136 119 121 1 1 -1 -1 
4 105 137 120 122 1 1 -1 -1 
4 106 138 121 123 -1 1 -1 -1 
4 107 139 122 124 1 -1 -1 -1 
4 108 140 123 125 -1 -1 -1 -1 
4 109 141 124 126 1 -1 -1 1 
4 110 142 125 127 1 1 1 1 
4 111 143 126 112 1 -1 1 -1 
4 112 144 143 129 -1 1 1 1 
4 113 145 128 130 -1 -1 1 -1 
4 114 146 129 131 -1 1 -1 1 
4 115 147 130 132 -1 -1 1 1 
4 116 148 131 133 -1 1 1 -1 
4 117 149 132 134 1 -1 -1 -1 
4 118 150 133 135 1 1 -1 1 
4 119 151 134 136 -1 1 1 1 
4 120 152 135 137 1 1 1 -1 
4 121 153 136 138 1 -1 -1 1 
4 122 154 137 139 1 1 1 -1 
4 123 155 138 140 -1 1 -1 1 
4 124 156 139 141 -1 -1 1 1 
4 125 157 140 142 -1 1 1 -1 
4 126 158 141 143 1 -1 -1 -1 
4 127 159 142 128 -1 -1 -1 1 
4 128 160 159 145 1 -1 1 1 
4 129 161 144 146 -1 1 1 1 
4 130 162 145 147 1 -1 1 1 
4 131 163 146 148 -1 -1 1 1 
4 132 164 147 149 1 -1 1 1 
4 133 165 148 150 -1 -1 1 1 
4 134 166 149 151 1 -1 1 1 
4 135 167 150 152 1 1 1 1 
4 136 168 151 153 1 1 1 1 
4 137 169 152 154 -1 -1 1 1 
4 138 170 153 155 1 -1 1 -1 
4 139 171 154 156 1 -1 -1 1 
4 140 172 155 157 -1 1 1 -1 
4 141 173 156 158 1 1 -1 -1 
4 142 174 157 159 -1 -1 -1 1 
4 143 175 158 144 -1 1 1 1 
4 144 176 175 161 -1 -1 -1 -1 
4 145 177 160 162 1 1 -1 -1 
4 146 178 161 163 -1 -1 -1 -1 
4 147 179 162 164 -1 -1 -1 -1 
4 148 180 163 165 -1 1 -1 -1 
4 149 181 164 166 -1 -1 -1 -1 
4 150 182 165 167 -1 -1 -1 1 
4 151 183 166 168 1 1 1 1 
4 152 184 167 169 1 1 1 -1 
4 153 185 168 170 -1 -1 -1 -1 
4 154 186 169 171 -1 -1 -1 1 
4 155 187 170 172 -1 1 1 -1 
4 156 188 171 173 1 -1 -1 1 
4 157 189 172 174 1 1 1 -1 
4 158 190 173 175 -1 -1 -1 1 
4 159 191 174 160 1 -1 1 -1 
4 160 192 191 177 -1 1 1 -1 
4 161 193 176 178 1 -1 -1 1 
4 162 194 177 179 -1 -1 1 1 
4 163 195 178 180 -1 -1 1 -1 
4 164 196 179 181 1 1 -1 1 
4 165 197 180 182 -1 -1 1 1 
4 166 198 181 183 -1 -1 1 -1 
4 167 199 182 184 1 1 -1 -1 
4 168 200 183 185 1 -1 -1 -1 
4 169 201 184 186 -1 1 -1 1 
4 170 202 185 187 -1 -1 1 -1 
4 171 203 186 188 1 -1 -1 -1 
4 172 204 187 189 -1 1 -1 -1 
4 173 205 188 190 1 1 -1 -1 
4 174 206 189 191 -1 1 -1 -1 
4 175 207 190 176 -1 -1 -1 1 
4 176 208 207 193 1 -1 -1 1 
4 177 209 192 194 -1 -1 1 -1 
4 178 210 193 195 -1 -1 -1 1 
4 179 211 194 196 -1 1 1 -1 
4 180 212 195 197 1 -1 -1 1 
4 181 213 196 198 -1 1 1 1 
4 182 214 197 199 -1 1 1 1 
4 183 215 198 200 1 1 1 -1 
4 184 216 199 201 -1 -1 -1 -1 
4 185 217 200 202 1 -1 -1 -1 
4 186 218 201 203 -1 1 -1 -1 
4 187 219 202 204 -1 1 -1 1 
4 188 220 203 205 1 1 1 -1 
4 189 221 204 206 1 1 -1 -1 
4 190 222 205 207 1 -1 -1 -1 
4 191 223 206 192 -1 1 -1 -1 
4 192 224 223 209 -1 1 1 1 
4 193 225 208 210 -1 -1 1 1 
4 194 226 209 211 -1 1 1 1 
4 195 227 210 212 1 1 1 1 
4 196 228 211 213 -1 -1 1 1 
4 197 229 212 214 1 -1 1 -1 
4 198 230 213 215 1 -1 -1 -1 
4 199 231 214 216 1 -1 -1 1 
4 200 232 215 217 -1 1 1 -1 
4 201 233 216 218 -1 1 -1 -1 
4 202 234 217 219 1 1 -1 -1 
4 203 235 218 220 1 -1 -1 -1 
4 204 236 219 221 1 1 -1 1 
4 205 237 220 222 1 1 1 1 
4 206 238 221 223 -1 -1 1 -1 
4 207 239 222 208 1 1 -1 1 
4 208 240 239 225 1 1 -1 1 
4 209 241 224 226 -1 1 1 1 
4 210 242 225 227 1 -1 1 -1 
4 211 243 226 228 1 -1 -1 1 
4 212 244 227 229 -1 -1 1 1 
4 213 245 228 230 -1 1 1 -1 
4 214 246 229 231 -1 1 -1 -1 
4 215 247 230 232 -1 1 -1 -1 
4 216 248 231 233 1 -1 -1 1 
4 217 249 232 234 1 1 1 -1 
4 218 250 233 235 1 -1 -1 1 
4 219 251 234 236 -1 1 1 1 
4 220 252 235 237 1 1 1 -1 
4 221 253 236 238 1 1 -1 1 
4 222 254 237 239 -1 1 1 -1 
4 223 255 238 224 1 1 -1 -1 
4 224 0 255 241 1 -1 1 -1 
4 225 1 240 242 1 -1 -1 -1 
4 226 2 241 243 -1 -1 -1 -1 
4 227 3 242 244 -1 -1 -1 -1 
4 228 4 243 245 -1 -1 -1 1 
4 229 5 244 246 1 -1 1 1 
4 230 6 245 247 1 1 1 -1 
4 231 7 246 248 1 -1 -1 1 
4 232 8 247 249 -1 -1 1 -1 
4 233 9 248 250 1 -1 -1 -1 
4 234 10 249 251 -1 -1 -1 -1 
4 235 11 250 252 1 -1 -1 -1 
4 236 12 251 253 1 -1 -1 -1 
4 237 13 252 254 1 -1 -1 -1 
4 238 14 253 255 1 -1 -1 1 
4 239 15 254 240 1 -1 1 1 
