36 
2 
1 
6 
4 30 6 5 1 1 -1 1 1 
4 31 7 0 2 -1 -1 1 1 
4 32 8 1 3 1 -1 1 -1 
4 33 9 2 4 -1 -1 -1 1 
4 34 10 3 5 -1 1 1 1 
4 35 11 4 0 1 1 1 1 
4 0 12 11 7 -1 1 -1 -1 
4 1 13 6 8 -1 -1 -1 1 
4 2 14 7 9 -1 1 1 1 
4 3 15 8 10 -1 1 1 1 
4 4 16 9 11 1 -1 1 1 
4 5 17 10 6 1 1 1 -1 
4 6 18 17 13 1 -1 -1 -1 
4 7 19 12 14 -1 1 -1 -1 
4 8 20 13 15 1 1 -1 1 
4 9 21 14 16 1 1 1 -1 
4 10 22 15 17 -1 1 -1 -1 
4 11 23 16 12 1 -1 -1 -1 
4 12 24 23 19 -1 -1 1 1 
4 13 25 18 20 1 -1 1 1 
4 14 26 19 21 1 1 1 1 
4 15 27 20 22 1 1 1 1 
4 16 28 21 23 1 1 1 1 
4 17 29 22 18 -1 1 1 1 
4 18 30 29 25 -1 -1 -1 -1 
4 19 31 24 26 -1 1 -1 1 
4 20 32 25 27 1 1 1 1 
4 21 33 26 28 1 1 1 -1 
4 22 34 27 29 1 -1 -1 1 
4 23 35 28 24 1 -1 1 -1 
4 24 0 35 31 -1 1 -1 1 
4 25 1 30 32 1 -1 1 -1 
4 26 2 31 33 1 1 -1 1 
4 27 3 32 34 1 -1 1 1 
4 28 4 33 35 -1 -1 1 -1 
4 29 5 34 30 -1 1 -1 -1 
