400 
2 
1 
20 
4 380 20 19 1 -1 1 -1 1 
4 381 21 0 2 -1 1 1 -1 
4 382 22 1 3 -1 -1 -1 1 
4 383 23 2 4 1 -1 1 1 
4 384 24 3 5 1 1 1 -1 
4 385 25 4 6 -1 -1 -1 1 
4 386 26 5 7 1 1 1 1 
4 387 27 6 8 1 1 1 -1 
4 388 28 7 9 1 1 -1 1 
4 389 29 8 10 -1 -1 1 1 
4 390 30 9 11 -1 -1 1 -1 
4 391 31 10 12 1 1 -1 1 
4 392 32 11 13 -1 1 1 -1 
4 393 33 12 14 1 1 -1 -1 
4 394 34 13 15 -1 -1 -1 -1 
4 395 35 14 16 -1 1 -1 1 
4 396 36 15 17 -1 -1 1 1 
4 397 37 16 18 1 1 1 -1 
4 398 38 17 19 1 1 -1 1 
4 399 39 18 0 1 1 1 -1 
4 0 40 39 21 1 -1 -1 1 
4 1 41 20 22 1 1 1 1 
4 2 42 21 23 -1 1 1 -1 
4 3 43 22 24 -1 -1 -1 1 
4 4 44 23 25 1 -1 1 1 
4 5 45 24 26 -1 -1 1 1 
4 6 46 25 27 1 -1 1 1 
4 7 47 26 28 1 -1 1 -1 
4 8 48 27 29 1 -1 -1 1 
4 9 49 28 30 -1 -1 1 -1 
4 10 50 29 31 -1 1 -1 1 
4 11 51 30 32 1 1 1 1 
4 12 52 31 33 1 1 1 1 
4 13 53 32 34 1 -1 1 1 
4 14 54 33 35 -1 -1 1 1 
4 15 55 34 36 1 -1 1 1 
4 16 56 35 37 -1 1 1 1 
4 17 57 36 38 1 -1 1 -1 
4 18 58 37 39 1 -1 -1 -1 
4 19 59 38 20 1 -1 -1 -1 
4 20 60 59 41 -1 1 -1 -1 
4 21 61 40 42 1 -1 -1 -1 
4 22 62 41 43 1 -1 -1 -1 
4 23 63 42 44 -1 -1 -1 -1 
4 24 64 43 45 -1 -1 -1 1 
4 25 65 44 46 -1 -1 1 -1 
4 26 66 45 47 -1 -1 -1 -1 
4 27 67 46 48 -1 1 -1 1 
4 28 68 47 49 -1 -1 1 -1 
4 29 69 48 50 -1 1 -1 -1 
4 30 70 49 51 1 1 -1 1 
4 31 71 50 52 1 1 1 1 
4 32 72 51 53 1 1 1 -1 
4 33 73 52 54 -1 1 -1 1 
4 34 74 53 55 -1 1 1 1 
4 35 75 54 56 -1 -1 1 1 
4 36 76 55 57 1 -1 1 1 
4 37 77 56 58 -1 1 1 1 
4 38 78 57 59 -1 -1 1 -1 
4 39 79 58 40 -1 1 -1 -1 
4 40 80 79 61 1 -1 1 -1 
4 41 81 60 62 -1 1 -1 1 
4 42 82 61 63 -1 1 1 -1 
4 43 83 62 64 -1 1 -1 1 
4 44 84 63 65 -1 -1 1 -1 
4 45 85 64 66 -1 -1 -1 -1 
4 46 86 65 67 -1 -1 -1 1 
4 47 87 66 68 1 -1 1 1 
4 48 88 67 69 -1 1 1 -1 
4 49 89 68 70 1 1 -1 -1 
4 50 90 69 71 1 -1 -1 1 
4 51 91 70 72 1 -1 1 -1 
4 52 92 71 73 1 1 -1 1 
4 53 93 72 74 1 -1 1 1 
4 54 94 73 75 1 1 1 1 
4 55 95 74 76 -1 -1 1 1 
4 56 96 75 77 -1 -1 1 1 
4 57 97 76 78 1 -1 1 1 
4 58 98 77 79 -1 -1 1 1 
4 59 99 78 60 1 -1 1 1 
4 60 100 99 81 -1 1 -1 -1 
4 61 101 80 82 1 -1 -1 -1 
4 62 102 81 83 1 -1 -1 -1 
4 63 103 82 84 1 1 -1 -1 
4 64 104 83 85 -1 -1 -1 -1 
4 65 105 84 86 -1 1 -1 -1 
4 66 106 85 87 -1 -1 -1 1 
4 67 107 86 88 -1 1 1 1 
4 68 108 87 89 1 1 1 1 
4 69 109 88 90 1 1 1 -1 
4 70 110 89 91 -1 1 -1 -1 
4 71 111 90 92 -1 -1 -1 1 
4 72 112 91 93 1 1 1 -1 
4 73 113 92 94 -1 1 -1 -1 
4 74 114 93 95 1 -1 -1 1 
4 75 115 94 96 -1 1 1 1 
4 76 116 95 97 -1 -1 1 1 
4 77 117 96 98 -1 1 1 1 
4 78 118 97 99 -1 -1 1 1 
4 79 119 98 80 -1 1 1 -1 
4 80 120 119 101 1 -1 -1 1 
4 81 121 100 102 -1 1 1 -1 
4 82 122 101 103 -1 -1 -1 -1 
4 83 123 102 104 1 -1 -1 1 
4 84 124 103 105 -1 -1 1 -1 
4 85 125 104 106 1 -1 -1 1 
4 86 126 105 107 -1 -1 1 -1 
4 87 127 106 108 1 1 -1 1 
4 88 128 107 109 1 1 1 -1 
4 89 129 108 110 1 -1 -1 -1 
4 90 130 109 111 1 1 -1 1 
4 91 131 110 112 -1 1 1 -1 
4 92 132 111 113 1 1 -1 -1 
4 93 133 112 114 1 1 -1 1 
4 94 134 113 115 -1 -1 1 1 
4 95 135 114 116 1 -1 1 -1 
4 96 136 115 117 -1 1 -1 1 
4 97 137 116 118 1 1 1 -1 
4 98 138 117 119 -1 1 -1 1 
4 99 139 118 100 1 1 1 -1 
4 100 140 139 121 -1 1 -1 -1 
4 101 141 120 122 1 1 -1 -1 
4 102 142 121 123 -1 1 -1 -1 
4 103 143 122 124 -1 -1 -1 1 
4 104 144 123 125 -1 -1 1 -1 
4 105 145 124 126 -1 1 -1 -1 
4 106 146 125 127 -1 1 -1 -1 
4 107 147 126 128 1 1 -1 1 
4 108 148 127 129 1 1 1 -1 
4 109 149 128 130 -1 -1 -1 1 
4 110 150 129 131 1 -1 1 1 
4 111 151 130 132 1 -1 1 1 
4 112 152 131 133 1 -1 1 1 
4 113 153 132 134 1 1 1 -1 
4 114 154 133 135 -1 1 -1 1 
4 115 155 134 136 -1 -1 1 1 
4 116 156 135 137 1 -1 1 1 
4 117 157 136 138 1 1 1 -1 
4 118 158 137 139 1 1 -1 1 
4 119 159 138 120 1 1 1 -1 
4 120 160 159 141 1 -1 1 1 
4 121 161 140 142 1 -1 1 1 
4 122 162 141 143 1 1 1 1 
4 123 163 142 144 -1 -1 1 -1 
4 124 164 143 145 -1 -1 -1 1 
4 125 165 144 146 1 -1 1 1 
4 126 166 145 147 1 1 1 -1 
4 127 167 146 148 1 1 -1 1 
4 128 168 147 149 1 1 1 1 
4 129 169 148 150 -1 1 1 1 
4 130 170 149 151 -1 1 1 1 
4 131 171 150 152 -1 -1 1 1 
4 132 172 151 153 -1 1 1 -1 
4 133 173 152 154 1 -1 -1 1 
4 134 174 153 155 1 1 1 1 
4 135 175 154 156 -1 1 1 1 
4 136 176 155 157 -1 1 1 1 
4 137 177 156 158 1 1 1 -1 
4 138 178 157 159 1 1 -1 -1 
4 139 179 158 140 1 1 -1 1 
4 140 180 179 161 -1 -1 -1 1 
4 141 181 160 162 -1 1 1 1 
4 142 182 161 163 1 -1 1 -1 
4 143 183 162 164 -1 1 -1 -1 
4 144 184 163 165 -1 1 -1 1 
4 145 185 164 166 -1 1 1 1 
4 146 186 165 167 1 -1 1 1 
4 147 187 166 168 1 -1 1 -1 
4 148 188 167 169 1 -1 -1 1 
4 149 189 168 170 1 1 1 -1 
4 150 190 169 171 1 1 -1 -1 
4 151 191 170 172 -1 1 -1 -1 
4 152 192 171 173 1 -1 -1 1 
4 153 193 172 174 -1 -1 1 1 
4 154 194 173 175 1 1 1 -1 
4 155 195 174 176 1 1 -1 -1 
4 156 196 175 177 1 -1 -1 1 
4 157 197 176 178 1 1 1 -1 
4 158 198 177 179 1 -1 -1 1 
4 159 199 178 160 1 -1 1 -1 
4 160 200 199 181 -1 -1 -1 1 
4 161 201 180 182 1 1 1 1 
4 162 202 181 183 -1 1 1 1 
4 163 203 182 184 1 1 1 -1 
4 164 204 183 185 1 1 -1 -1 
4 165 205 184 186 1 -1 -1 -1 
4 166 206 185 187 -1 1 -1 -1 
4 167 207 186 188 -1 -1 -1 1 
4 168 208 187 189 -1 1 1 -1 
4 169 209 188 190 1 1 -1 1 
4 170 210 189 191 1 -1 1 1 
4 171 211 190 192 1 -1 1 -1 
4 172 212 191 193 -1 -1 -1 1 
4 173 213 192 194 -1 1 1 -1 
4 174 214 193 195 1 1 -1 1 
4 175 215 194 196 1 -1 1 1 
4 176 216 195 197 -1 1 1 1 
4 177 217 196 198 1 -1 1 1 
4 178 218 197 199 -1 1 1 1 
4 179 219 198 180 -1 1 1 -1 
4 180 220 219 201 -1 -1 -1 -1 
4 181 221 200 202 1 -1 -1 1 
4 182 222 201 203 1 -1 1 -1 
4 183 223 202 204 1 1 -1 -1 
4 184 224 203 205 1 1 -1 -1 
4 185 225 204 206 -1 1 -1 -1 
4 186 226 205 207 1 1 -1 -1 
4 187 227 206 208 -1 1 -1 -1 
4 188 228 207 209 1 -1 -1 -1 
4 189 229 208 210 1 -1 -1 1 
4 190 230 209 211 -1 -1 1 1 
4 191 231 210 212 -1 -1 1 -1 
4 192 232 211 213 -1 -1 -1 -1 
4 193 233 212 214 1 -1 -1 -1 
4 194 234 213 215 1 1 -1 1 
4 195 235 214 216 -1 -1 1 -1 
4 196 236 215 217 1 -1 -1 1 
4 197 237 216 218 -1 1 1 -1 
4 198 238 217 219 1 -1 -1 -1 
4 199 239 218 200 1 -1 -1 -1 
4 200 240 239 221 -1 -1 1 -1 
4 201 241 220 222 -1 -1 -1 1 
4 202 242 221 223 -1 -1 1 1 
4 203 243 222 224 1 1 1 1 
4 204 244 223 225 1 -1 1 -1 
4 205 245 224 226 1 -1 -1 1 
4 206 246 225 227 1 1 1 -1 
4 207 247 226 228 1 1 -1 1 
4 208 248 227 229 -1 -1 1 1 
4 209 249 228 230 -1 -1 1 -1 
4 210 250 229 231 -1 1 -1 -1 
4 211 251 230 232 -1 -1 -1 1 
4 212 252 231 233 -1 -1 1 -1 
4 213 253 232 234 -1 -1 -1 -1 
4 214 254 233 235 1 1 -1 1 
4 215 255 234 236 -1 1 1 -1 
4 216 256 235 237 -1 -1 -1 1 
4 217 257 236 238 1 -1 1 1 
4 218 258 237 239 -1 1 1 1 
4 219 259 238 220 -1 -1 1 1 
4 220 260 259 241 -1 -1 1 -1 
4 221 261 240 242 -1 1 -1 -1 
4 222 262 241 243 -1 -1 -1 -1 
4 223 263 242 244 1 -1 -1 1 
4 224 264 243 245 -1 -1 1 -1 
4 225 265 244 246 -1 1 -1 1 
4 226 266 245 247 1 1 1 -1 
4 227 267 246 248 1 1 -1 1 
4 228 268 247 249 -1 -1 1 1 
4 229 269 248 250 -1 -1 1 1 
4 230 270 249 251 1 1 1 1 
4 231 271 250 252 -1 -1 1 1 
4 232 272 251 253 -1 1 1 -1 
4 233 273 252 254 -1 -1 -1 1 
4 234 274 253 255 1 -1 1 -1 
4 235 275 254 256 1 1 -1 -1 
4 236 276 255 257 -1 -1 -1 -1 
4 237 277 256 258 -1 -1 -1 -1 
4 238 278 257 259 1 1 -1 1 
4 239 279 258 240 -1 -1 1 1 
4 240 280 279 261 -1 1 1 1 
4 241 281 260 262 1 1 1 1 
4 242 282 261 263 -1 1 1 1 
4 243 283 262 264 -1 1 1 1 
4 244 284 263 265 -1 -1 1 1 
4 245 285 264 266 1 1 1 1 
4 246 286 265 267 1 1 1 -1 
4 247 287 266 268 1 1 -1 1 
4 248 288 267 269 -1 1 1 1 
4 249 289 268 270 -1 -1 1 1 
4 250 290 269 271 1 1 1 1 
4 251 291 270 272 -1 1 1 -1 
4 252 292 271 273 1 -1 -1 -1 
4 253 293 272 274 -1 1 -1 -1 
4 254 294 273 275 -1 1 -1 1 
4 255 295 274 276 1 -1 1 1 
4 256 296 275 277 -1 -1 1 1 
4 257 297 276 278 -1 -1 1 -1 
4 258 298 277 279 1 -1 -1 -1 
4 259 299 278 260 -1 -1 -1 1 
4 260 300 299 281 1 1 -1 1 
4 261 301 280 282 1 1 1 1 
4 262 302 281 283 1 -1 1 -1 
4 263 303 282 284 1 1 -1 1 
4 264 304 283 285 -1 -1 1 1 
4 265 305 284 286 1 -1 1 1 
4 266 306 285 287 1 1 1 -1 
4 267 307 286 288 1 -1 -1 -1 
4 268 308 287 289 1 -1 -1 1 
4 269 309 288 290 -1 -1 1 -1 
4 270 310 289 291 1 -1 -1 -1 
4 271 311 290 292 1 1 -1 1 
4 272 312 291 293 -1 -1 1 -1 
4 273 313 292 294 1 1 -1 1 
4 274 314 293 295 1 -1 1 1 
4 275 315 294 296 -1 -1 1 -1 
4 276 316 295 297 -1 1 -1 -1 
4 277 317 296 298 -1 -1 -1 1 
4 278 318 297 299 -1 1 1 1 
4 279 319 298 280 -1 1 1 -1 
4 280 320 319 301 1 1 1 1 
4 281 321 300 302 1 1 1 -1 
4 282 322 301 303 -1 -1 -1 1 
4 283 323 302 304 1 -1 1 -1 
4 284 324 303 305 -1 -1 -1 1 
4 285 325 304 306 -1 1 1 1 
4 286 326 305 307 1 1 1 1 
4 287 327 306 308 -1 -1 1 1 
4 288 328 307 309 -1 1 1 1 
4 289 329 308 310 -1 -1 1 -1 
4 290 330 309 311 -1 1 -1 1 
4 291 331 310 312 1 1 1 1 
4 292 332 311 313 -1 -1 1 1 
4 293 333 312 314 1 1 1 1 
4 294 334 313 315 -1 1 1 -1 
4 295 335 314 316 -1 -1 -1 -1 
4 296 336 315 317 1 -1 -1 -1 
4 297 337 316 318 -1 1 -1 -1 
4 298 338 317 319 1 -1 -1 -1 
4 299 339 318 300 1 1 -1 1 
4 300 340 339 321 1 -1 1 -1 
4 301 341 320 322 1 -1 -1 1 
4 302 342 321 323 -1 1 1 -1 
4 303 343 322 324 -1 -1 -1 1 
4 304 344 323 325 -1 -1 1 1 
4 305 345 324 326 1 1 1 -1 
4 306 346 325 327 1 -1 -1 1 
4 307 347 326 328 -1 1 1 -1 
4 308 348 327 329 1 -1 -1 -1 
4 309 349 328 330 -1 -1 -1 -1 
4 310 350 329 331 1 1 -1 1 
4 311 351 330 332 1 1 1 1 
4 312 352 331 333 -1 1 1 1 
4 313 353 332 334 1 -1 1 1 
4 314 354 333 335 1 1 1 1 
4 315 355 334 336 -1 -1 1 1 
4 316 356 335 337 -1 -1 1 1 
4 317 357 336 338 1 -1 1 1 
4 318 358 337 339 -1 1 1 -1 
4 319 359 338 320 1 1 -1 1 
4 320 360 359 341 -1 -1 -1 1 
4 321 361 340 342 -1 -1 1 1 
4 322 362 341 343 1 -1 1 -1 
4 323 363 342 344 -1 -1 -1 1 
4 324 364 343 345 -1 1 1 -1 
4 325 365 344 346 1 1 -1 -1 
4 326 366 345 347 -1 1 -1 1 
4 327 367 346 348 1 -1 1 1 
4 328 368 347 349 -1 -1 1 -1 
4 329 369 348 350 -1 1 -1 1 
4 330 370 349 351 1 1 1 1 
4 331 371 350 352 1 -1 1 -1 
4 332 372 351 353 1 1 -1 -1 
4 333 373 352 354 -1 -1 -1 -1 
4 334 374 353 355 1 1 -1 1 
4 335 375 354 356 -1 1 1 -1 
4 336 376 355 357 -1 -1 -1 -1 
4 337 377 356 358 -1 1 -1 -1 
4 338 378 357 359 1 -1 -1 1 
4 339 379 358 340 1 1 1 -1 
4 340 380 379 361 -1 1 1 1 
4 341 381 360 362 -1 -1 1 1 
4 342 382 361 363 -1 -1 1 -1 
4 343 383 362 364 -1 -1 -1 -1 
4 344 384 363 365 1 -1 -1 1 
4 345 385 364 366 1 -1 1 -1 
4 346 386 365 367 1 1 -1 1 
4 347 387 366 368 -1 -1 1 -1 
4 348 388 367 369 -1 -1 -1 -1 
4 349 389 368 370 1 1 -1 1 
4 350 390 369 371 1 -1 1 1 
4 351 391 370 372 -1 -1 1 -1 
4 352 392 371 373 1 1 -1 1 
4 353 393 372 374 -1 1 1 1 
4 354 394 373 375 1 1 1 1 
4 355 395 374 376 1 1 1 -1 
4 356 396 375 377 -1 -1 -1 1 
4 357 397 376 378 1 -1 1 1 
4 358 398 377 379 -1 1 1 -1 
4 359 399 378 360 1 1 -1 1 
4 360 0 399 381 1 -1 -1 -1 
4 361 1 380 382 -1 -1 -1 -1 
4 362 2 381 383 -1 -1 -1 -1 
4 363 3 382 384 -1 1 -1 -1 
4 364 4 383 385 -1 1 -1 1 
4 365 5 384 386 -1 -1 1 1 
4 366 6 385 387 1 1 1 1 
4 367 7 386 388 -1 1 1 1 
4 368 8 387 389 -1 1 1 -1 
4 369 9 388 390 1 -1 -1 1 
4 370 10 389 391 -1 -1 1 1 
4 371 11 390 392 -1 1 1 -1 
4 372 12 391 393 1 -1 -1 -1 
4 373 13 392 394 1 1 -1 1 
4 374 14 393 395 1 -1 1 1 
4 375 15 394 396 1 -1 1 1 
4 376 16 395 397 -1 -1 1 -1 
4 377 17 396 398 -1 1 -1 -1 
4 378 18 397 399 1 1 -1 1 
4 379 19 398 380 1 1 1 -1 
