64 
2 
1 
8 
4 56 8 7 1 1 -1 -1 -1 
4 57 9 0 2 -1 1 -1 -1 
4 58 10 1 3 -1 1 -1 -1 
4 59 11 2 4 -1 1 -1 -1 
4 60 12 3 5 -1 1 -1 1 
4 61 13 4 6 1 -1 1 1 
4 62 14 5 7 1 -1 1 1 
4 63 15 6 0 -1 1 1 -1 
4 0 16 15 9 -1 1 -1 1 
4 1 17 8 10 1 -1 1 -1 
4 2 18 9 11 1 -1 -1 1 
4 3 19 10 12 1 1 1 1 
4 4 20 11 13 1 1 1 -1 
4 5 21 12 14 -1 -1 -1 1 
4 6 22 13 15 -1 -1 1 -1 
4 7 23 14 8 1 1 -1 -1 
4 8 24 23 17 1 1 -1 -1 
4 9 25 16 18 -1 -1 -1 1 
4 10 26 17 19 -1 1 1 1 
4 11 27 18 20 1 -1 1 -1 
4 12 28 19 21 1 -1 -1 -1 
4 13 29 20 22 -1 -1 -1 1 
4 14 30 21 23 -1 -1 1 1 
4 15 31 22 16 1 -1 1 -1 
4 16 32 31 25 1 1 1 1 
4 17 33 24 26 -1 1 1 1 
4 18 34 25 27 1 -1 1 1 
4 19 35 26 28 -1 1 1 -1 
4 20 36 27 29 -1 -1 -1 1 
4 21 37 28 30 -1 -1 1 1 
4 22 38 29 31 -1 -1 1 1 
4 23 39 30 24 -1 1 1 1 
4 24 40 39 33 1 1 -1 1 
4 25 41 32 34 1 -1 1 1 
4 26 42 33 35 -1 -1 1 1 
4 27 43 34 36 1 1 1 -1 
4 28 44 35 37 -1 1 -1 1 
4 29 45 36 38 -1 -1 1 -1 
4 30 46 37 39 -1 1 -1 1 
4 31 47 38 32 1 1 1 -1 
4 32 48 47 41 1 -1 -1 1 
4 33 49 40 42 -1 -1 1 1 
4 34 50 41 43 -1 1 1 1 
4 35 51 42 44 1 -1 1 1 
4 36 52 43 45 1 1 1 1 
4 37 53 44 46 -1 1 1 1 
4 38 54 45 47 1 1 1 -1 
4 39 55 46 40 1 -1 -1 -1 
4 40 56 55 49 -1 1 1 -1 
4 41 57 48 50 -1 -1 -1 -1 
4 42 58 49 51 1 -1 -1 -1 
4 43 59 50 52 -1 1 -1 1 
4 44 60 51 53 1 -1 1 1 
4 45 61 52 54 1 -1 1 1 
4 46 62 53 55 1 -1 1 1 
4 47 63 54 48 -1 1 1 1 
4 48 0 63 57 1 1 1 1 
4 49 1 56 58 -1 -1 1 1 
4 50 2 57 59 -1 -1 1 -1 
4 51 3 58 60 1 -1 -1 -1 
4 52 4 59 61 -1 -1 -1 1 
4 53 5 60 62 -1 1 1 1 
4 54 6 61 63 -1 1 1 -1 
4 55 7 62 56 1 -1 -1 1 
